Divisions		Files Generated		Time
5100		3		39.551000
5101		3		15.734000
5102		3		15.617000
5103		3		15.172000
5104		3		16.174000
5105		3		15.308000
5106		3		15.397000
5107		3		15.093000
5108		3		15.629000
5109		3		15.131000
5110		3		15.290000
5111		3		16.316000
5112		3		15.408000
5113		3		14.544000
5114		3		14.536000
5115		3		14.564000
5116		3		14.509000
5117		3		13.555000
5118		3		15.031000
5119		3		13.747000
5120		2		11.808000
5121		2		12.118000
5122		2		11.652000
5123		2		11.856000
5124		2		11.936000
5125		2		11.614000
5126		2		12.995000
5127		2		12.092000
5128		2		12.159000
5129		2		12.233000
5130		2		11.677000
5131		2		12.021000
5132		2		11.839000
5133		2		11.627000
5134		2		12.746000
5135		2		11.940000
5136		2		11.802000
5137		2		12.004000
5138		2		11.604000
5139		2		12.103000
5140		2		11.704000
5141		2		11.614000
5142		2		12.152000
5143		2		13.318000
5144		2		12.936000
5145		2		12.109000
5146		2		12.004000
5147		2		12.036000
5148		2		11.699000
5149		2		11.853000
5150		2		11.832000
5151		2		12.620000
5152		2		12.552000
5153		2		12.194000
5154		2		11.791000
5155		2		12.197000
5156		2		11.664000
5157		2		12.063000
5158		2		11.826000
5159		2		11.750000
5160		2		12.283000
5161		2		11.780000
5162		2		11.724000
5163		2		12.053000
5164		2		11.680000
5165		2		11.944000
5166		2		11.711000
5167		2		11.606000
5168		2		12.389000
5169		2		26.519000
5170		2		13.832000
5171		2		12.305000
5172		2		12.436000
5173		2		11.814000
5174		2		12.127000
5175		2		12.028000
5176		2		11.807000
5177		2		12.409000
5178		2		11.647000
5179		2		12.968000
5180		2		12.072000
5181		2		12.402000
5182		2		12.733000
5183		2		11.976000
5184		2		11.911000
5185		2		12.938000
5186		2		11.742000
5187		2		12.533000
5188		2		11.750000
5189		2		11.609000
5190		2		12.697000
5191		2		12.454000
5192		2		13.222000
5193		2		12.397000
5194		2		11.807000
5195		2		12.334000
5196		2		11.738000
5197		2		11.657000
5198		2		12.277000
5199		2		11.762000
5200		2		14.350000
5201		2		12.182000
5202		2		11.995000
5203		2		12.287000
5204		2		11.769000
5205		2		12.025000
5206		2		11.896000
5207		2		11.678000
5208		2		12.470000
5209		2		11.823000
5210		2		11.653000
5211		2		12.198000
5212		2		11.731000
5213		2		12.028000
5214		2		11.759000
5215		2		11.634000
5216		2		12.568000
5217		2		13.088000
5218		2		12.386000
5219		2		12.100000
5220		2		11.793000
5221		2		12.192000
5222		2		11.665000
5223		2		11.671000
5224		2		12.292000
5225		2		13.865000
5226		2		12.161000
5227		2		12.172000
5228		2		11.817000
5229		2		11.979000
5230		2		11.615000
5231		2		11.894000
5232		2		11.634000
5233		2		11.969000
5234		2		12.046000
5235		2		11.628000
5236		2		11.626000
5237		2		11.950000
5238		2		11.576000
5239		2		11.940000
5240		2		11.567000
5241		2		11.508000
5242		2		14.093000
5243		2		12.897000
5244		2		12.719000
5245		2		11.885000
5246		2		11.656000
5247		2		12.610000
5248		2		11.606000
5249		2		11.658000
5250		2		13.402000
5251		2		12.548000
5252		2		12.577000
5253		2		11.767000
5254		2		11.614000
5255		2		12.146000
5256		2		11.682000
5257		2		12.055000
5258		2		12.579000
5259		2		12.452000
5260		2		12.630000
5261		2		11.952000
5262		2		12.009000
5263		2		11.935000
5264		2		11.710000
5265		2		12.283000
5266		2		11.767000
5267		2		13.664000
5268		2		12.359000
5269		2		12.413000
5270		2		12.132000
5271		2		11.748000
5272		2		11.637000
5273		2		12.076000
5274		2		11.713000
5275		2		12.191000
5276		2		12.080000
5277		2		11.874000
5278		2		12.036000
5279		2		11.770000
5280		2		11.656000
5281		2		12.169000
5282		2		11.726000
5283		2		11.837000
5284		2		13.103000
5285		2		12.270000
5286		2		12.413000
5287		2		11.812000
5288		2		11.701000
5289		2		12.167000
5290		2		11.916000
5291		2		12.113000
5292		2		13.071000
5293		2		12.450000
5294		2		13.026000
5295		2		11.822000
5296		2		12.080000
5297		2		11.897000
5298		2		11.710000
5299		2		12.224000
5300		2		12.266000
5301		2		12.739000
5302		2		12.374000
5303		2		11.968000
5304		2		12.214000
5305		2		12.068000
5306		2		11.891000
5307		2		12.351000
5308		2		12.046000
5309		2		12.418000
5310		2		12.040000
5311		2		11.982000
5312		2		12.117000
5313		2		11.759000
5314		2		11.902000
5315		2		11.874000
5316		2		11.745000
5317		2		13.449000
5318		2		12.250000
5319		2		12.301000
5320		2		12.206000
5321		2		11.719000
5322		2		12.170000
5323		2		11.796000
5324		2		11.831000
5325		2		12.677000
5326		2		13.116000
5327		2		12.541000
5328		2		11.878000
5329		2		11.554000
5330		2		11.995000
5331		2		12.018000
5332		2		11.776000
5333		2		12.229000
5334		2		12.011000
5335		2		12.131000
5336		2		11.610000
5337		2		11.519000
5338		2		12.025000
5339		2		11.629000
5340		2		11.671000
5341		2		11.794000
5342		2		12.991000
5343		2		12.246000
5344		2		12.291000
5345		2		12.071000
5346		2		12.119000
5347		2		11.778000
5348		2		12.278000
5349		2		11.868000
5350		2		12.351000
5351		2		12.678000
5352		2		12.414000
5353		2		12.251000
5354		2		11.931000
5355		2		11.624000
5356		2		12.256000
5357		2		11.740000
5358		2		12.185000
5359		2		12.079000
5360		2		11.730000
5361		2		12.203000
5362		2		11.759000
5363		2		11.684000
5364		2		12.229000
5365		2		11.652000
5366		2		11.639000
5367		2		13.393000
5368		2		12.208000
5369		2		12.326000
5370		2		11.863000
5371		2		11.658000
5372		2		12.244000
5373		2		11.641000
5374		2		12.035000
5375		2		12.585000
5376		2		13.146000
5377		2		13.382000
5378		2		27.761000
5379		2		12.563000
5380		2		17.449000
5381		2		12.839000
5382		2		11.831000
5383		2		12.468000
5384		2		11.648000
5385		2		12.436000
5386		2		11.699000
5387		2		11.614000
5388		2		12.743000
5389		2		11.650000
5390		2		13.383000
5391		2		12.299000
5392		2		11.944000
5393		2		12.024000
5394		2		11.856000
5395		2		11.694000
5396		2		11.821000
5397		2		11.632000
5398		2		12.771000
5399		2		12.262000
5400		2		12.074000
5401		2		12.266000
5402		2		11.760000
5403		2		11.825000
5404		2		11.902000
5405		2		11.735000
5406		2		12.701000
5407		2		13.212000
5408		2		12.105000
5409		2		12.755000
5410		2		11.685000
5411		2		12.712000
5412		2		11.760000
5413		2		11.655000
5414		2		12.773000
5415		2		12.443000
5416		2		12.774000
5417		2		11.779000
5418		2		11.635000
5419		2		12.785000
5420		2		11.812000
5421		2		12.508000
5422		2		11.826000
5423		2		12.842000
5424		2		12.263000
5425		2		11.963000
5426		2		12.274000
5427		2		12.036000
5428		2		11.838000
5429		2		12.345000
5430		2		11.762000
5431		2		12.165000
5432		2		12.636000
5433		2		12.379000
5434		2		12.493000
5435		2		11.877000
5436		2		11.695000
5437		2		12.248000
5438		2		11.731000
5439		2		12.277000
5440		2		12.806000
5441		2		12.200000
5442		2		12.523000
5443		2		11.831000
5444		2		11.843000
5445		2		11.985000
5446		2		11.682000
5447		2		12.262000
5448		2		12.527000
5449		2		11.857000
5450		2		12.364000
5451		2		11.774000
5452		2		11.811000
5453		2		11.993000
5454		2		11.698000
5455		2		12.160000
5456		2		13.186000
5457		2		12.526000
5458		2		12.254000
5459		2		11.725000
5460		2		12.128000
5461		2		11.970000
5462		2		11.692000
5463		2		12.383000
5464		2		12.345000
5465		2		12.812000
5466		2		12.314000
5467		2		11.737000
5468		2		12.399000
5469		2		11.840000
5470		2		11.621000
5471		2		12.345000
5472		2		11.754000
5473		2		13.695000
5474		2		12.100000
5475		2		12.260000
5476		2		12.301000
5477		2		11.696000
5478		2		12.141000
5479		2		11.841000
5480		2		11.748000
5481		2		12.678000
5482		2		11.800000
5483		2		11.836000
5484		2		12.016000
5485		2		11.662000
5486		2		12.130000
5487		2		11.802000
5488		2		12.438000
5489		2		12.503000
5490		2		12.443000
5491		2		12.317000
5492		2		11.831000
5493		2		11.624000
5494		2		12.375000
5495		2		12.024000
5496		2		12.062000
5497		2		12.328000
5498		2		13.136000
5499		2		12.369000
5500		2		12.120000
5501		2		11.831000
5502		2		12.263000
5503		2		11.644000
5504		2		12.213000
5505		2		11.817000
5506		2		12.697000
5507		2		15.450000
5508		2		12.039000
5509		2		12.226000
5510		2		11.760000
5511		2		11.643000
5512		2		12.157000
5513		2		11.851000
5514		2		12.438000
5515		2		12.557000
5516		2		12.405000
5517		2		12.295000
5518		2		12.001000
5519		2		11.824000
5520		2		12.281000
5521		2		11.865000
5522		2		12.682000
5523		2		12.098000
5524		2		11.858000
5525		2		12.462000
5526		2		11.795000
5527		2		12.001000
5528		2		11.955000
5529		2		11.710000
5530		2		12.323000
5531		2		12.898000
5532		2		12.284000
5533		2		12.218000
5534		2		11.724000
5535		2		12.200000
5536		2		11.753000
5537		2		11.625000
5538		2		12.193000
5539		2		12.551000
5540		2		12.612000
5541		2		12.354000
5542		2		11.815000
5543		2		12.441000
5544		2		11.997000
5545		2		12.125000
5546		2		11.819000
5547		2		12.269000
5548		2		12.816000
5549		2		12.263000
5550		2		12.266000
5551		2		12.151000
5552		2		11.690000
5553		2		12.321000
5554		2		11.762000
5555		2		11.714000
5556		2		12.409000
5557		2		11.766000
5558		2		12.158000
5559		2		11.741000
5560		2		11.609000
5561		2		12.305000
5562		2		11.990000
5563		2		12.080000
5564		2		13.078000
5565		2		12.218000
5566		2		12.561000
5567		2		11.711000
5568		2		11.736000
5569		2		12.352000
5570		2		12.057000
5571		2		12.173000
5572		2		12.241000
5573		2		14.058000
5574		2		12.340000
5575		2		11.839000
5576		2		12.380000
5577		2		11.885000
5578		2		11.592000
5579		2		12.290000
5580		2		12.001000
5581		2		13.788000
5582		2		12.047000
5583		2		11.963000
5584		2		12.410000
5585		2		11.770000
5586		2		11.640000
5587		2		12.007000
5588		2		11.679000
5589		2		12.749000
5590		2		12.290000
5591		2		12.338000
5592		2		12.455000
5593		2		11.649000
5594		2		11.971000
5595		2		11.944000
5596		2		11.645000
5597		2		12.381000
5598		2		12.052000
5599		2		11.766000
5600		2		12.015000
5601		2		11.684000
5602		2		12.100000
5603		2		11.756000
5604		2		11.633000
5605		2		12.260000
5606		2		13.258000
5607		2		12.295000
5608		2		12.578000
5609		2		11.723000
5610		2		12.838000
5611		2		11.729000
5612		2		11.800000
5613		2		12.229000
5614		2		12.627000
5615		2		12.432000
5616		2		12.391000
5617		2		11.977000
5618		2		12.055000
5619		2		11.975000
5620		2		12.131000
5621		2		11.886000
5622		2		11.824000
5623		2		12.387000
5624		2		11.750000
5625		2		11.768000
5626		2		12.021000
5627		2		11.684000
5628		2		12.232000
5629		2		11.704000
5630		2		11.661000
5631		2		12.319000
5632		2		13.218000
5633		2		12.299000
5634		2		11.973000
5635		2		11.730000
5636		2		12.125000
5637		2		11.691000
5638		2		11.757000
5639		2		12.155000
5640		2		12.271000
5641		2		13.042000
5642		2		12.181000
5643		2		11.707000
5644		2		11.976000
5645		2		11.667000
5646		2		12.130000
5647		2		11.934000
5648		2		11.771000
5649		2		12.222000
5650		2		11.670000
5651		2		11.616000
5652		2		12.020000
5653		2		11.779000
5654		2		12.167000
5655		2		11.699000
5656		2		12.764000
5657		2		12.142000
5658		2		12.218000
5659		2		12.037000
5660		2		11.968000
5661		2		11.740000
5662		2		12.319000
5663		2		11.719000
5664		2		12.384000
5665		2		12.667000
5666		2		12.304000
5667		2		12.427000
5668		2		11.829000
5669		2		11.619000
5670		2		12.025000
5671		2		11.737000
5672		2		12.219000
5673		2		11.907000
5674		2		11.740000
5675		2		12.217000
5676		2		11.699000
5677		2		11.661000
5678		2		12.185000
5679		2		11.750000
5680		2		11.937000
5681		2		13.304000
5682		2		12.582000
5683		2		12.718000
5684		2		11.723000
5685		2		12.082000
5686		2		11.979000
5687		2		11.729000
5688		2		12.284000
5689		2		12.721000
5690		2		12.646000
5691		2		12.152000
5692		2		11.813000
5693		2		12.054000
5694		2		11.613000
5695		2		11.466000
5696		2		12.022000
5697		2		11.901000
5698		2		12.378000
5699		2		11.741000
5700		2		11.530000
5701		2		12.017000
5702		2		11.493000
5703		2		11.543000
5704		2		12.187000
5705		2		12.641000
5706		2		12.269000
5707		2		12.192000
5708		2		11.773000
5709		2		12.296000
5710		2		11.800000
5711		2		11.661000
5712		2		12.350000
5713		2		11.975000
5714		2		12.655000
5715		2		12.218000
5716		2		12.649000
5717		2		12.940000
5718		2		11.691000
5719		2		12.567000
5720		2		11.739000
5721		2		11.680000
5722		2		13.310000
5723		2		13.314000
5724		2		12.209000
5725		2		12.178000
5726		2		11.674000
5727		2		12.341000
5728		2		11.737000
5729		2		11.763000
5730		2		12.207000
5731		2		12.399000
5732		2		12.226000
5733		2		11.843000
5734		2		11.612000
5735		2		12.412000
5736		2		11.606000
5737		2		11.743000
5738		2		12.099000
5739		2		12.917000
5740		2		12.413000
5741		2		12.458000
5742		2		11.949000
5743		2		12.350000
5744		2		11.702000
5745		2		12.171000
5746		2		11.784000
5747		2		12.038000
5748		2		12.982000
5749		2		12.227000
5750		2		11.987000
5751		2		12.113000
5752		2		11.803000
5753		2		12.221000
5754		2		11.694000
5755		2		11.708000
5756		2		13.495000
5757		2		12.156000
5758		2		12.982000
5759		2		11.903000
5760		2		11.618000
5761		2		12.219000
5762		2		11.927000
5763		2		12.125000
5764		2		12.445000
5765		2		11.917000
5766		2		12.265000
5767		2		11.749000
5768		2		11.648000
5769		2		12.318000
5770		2		11.802000
5771		2		12.300000
5772		2		12.103000
5773		2		12.662000
5774		2		12.602000
5775		2		11.914000
5776		2		12.122000
5777		2		11.897000
5778		2		11.800000
5779		2		12.387000
5780		2		11.771000
5781		2		13.545000
5782		2		12.220000
5783		2		12.170000
5784		2		12.365000
5785		2		11.792000
5786		2		11.723000
5787		2		12.731000
5788		2		24.853000
5789		2		16.916000
5790		2		12.075000
5791		2		11.940000
5792		2		11.737000
5793		2		12.053000
5794		2		11.722000
5795		2		11.656000
5796		2		12.109000
5797		2		13.460000
5798		2		12.335000
5799		2		11.992000
5800		2		12.155000
5801		2		12.253000
5802		2		11.833000
5803		2		12.228000
5804		2		11.890000
5805		2		12.901000
5806		2		13.315000
5807		2		12.337000
5808		2		12.279000
5809		2		11.935000
5810		2		11.696000
5811		2		12.327000
5812		2		11.762000
5813		2		12.205000
5814		2		13.015000
5815		2		12.484000
5816		2		12.416000
5817		2		11.882000
5818		2		11.647000
5819		2		12.325000
5820		2		11.977000
5821		2		12.753000
5822		2		12.000000
5823		2		11.786000
5824		2		12.214000
5825		2		11.804000
5826		2		11.777000
5827		2		12.091000
5828		2		11.690000
5829		2		12.170000
5830		2		13.181000
5831		2		12.227000
5832		2		12.476000
5833		2		11.841000
5834		2		12.301000
5835		2		11.938000
5836		2		11.717000
5837		2		12.273000
5838		2		12.168000
5839		2		13.508000
5840		2		12.877000
5841		2		11.943000
5842		2		12.837000
5843		2		11.758000
5844		2		12.483000
5845		2		11.974000
5846		2		12.311000
5847		2		12.920000
5848		2		11.817000
5849		2		12.132000
5850		2		12.673000
5851		2		11.745000
5852		2		12.674000
5853		2		11.799000
5854		2		12.224000
5855		2		13.847000
5856		2		12.217000
5857		2		12.270000
5858		2		11.837000
5859		2		11.669000
5860		2		12.228000
5861		2		11.826000
5862		2		12.054000
5863		2		14.787000
5864		2		12.365000
5865		2		12.265000
5866		2		11.895000
5867		2		12.118000
5868		2		11.772000
5869		2		11.702000
5870		2		12.135000
5871		2		12.941000
5872		2		12.781000
5873		2		12.258000
5874		2		11.781000
5875		2		12.237000
5876		2		11.794000
5877		2		11.755000
5878		2		12.246000
5879		2		12.328000
5880		2		12.555000
5881		2		11.844000
5882		2		11.650000
5883		2		12.140000
5884		2		11.779000
5885		2		11.835000
5886		2		11.915000
5887		2		11.772000
5888		2		13.362000
5889		2		12.791000
5890		2		12.302000
5891		2		11.947000
5892		2		11.634000
5893		2		12.326000
5894		2		11.713000
5895		2		11.611000
5896		2		12.911000
5897		2		12.538000
5898		2		12.552000
5899		2		12.004000
5900		2		11.555000
5901		2		12.149000
5902		2		11.646000
5903		2		11.640000
5904		2		12.224000
5905		2		12.370000
5906		2		12.162000
5907		2		11.655000
5908		2		11.569000
5909		2		12.184000
5910		2		11.751000
5911		2		11.862000
5912		2		11.975000
5913		2		12.894000
5914		2		12.400000
5915		2		12.412000
5916		2		12.413000
5917		2		12.075000
5918		2		11.856000
5919		2		12.230000
5920		2		11.783000
5921		2		12.623000
5922		2		13.369000
5923		2		12.390000
5924		2		12.370000
5925		2		11.948000
5926		2		11.680000
5927		2		12.271000
5928		2		11.802000
5929		2		12.285000
5930		2		12.275000
5931		2		11.792000
5932		2		12.178000
5933		2		11.802000
5934		2		11.845000
5935		2		12.100000
5936		2		11.752000
5937		2		12.273000
5938		2		14.401000
5939		2		12.405000
5940		2		12.300000
5941		2		11.852000
5942		2		12.241000
5943		2		11.841000
5944		2		11.758000
5945		2		12.171000
5946		2		14.250000
5947		2		12.363000
5948		2		12.797000
5949		2		12.598000
5950		2		12.850000
5951		2		11.819000
5952		2		12.832000
5953		2		11.774000
5954		2		12.725000
5955		2		12.725000
5956		2		12.454000
5957		2		12.500000
5958		2		11.928000
5959		2		11.704000
5960		2		12.398000
5961		2		11.777000
5962		2		12.319000
5963		2		12.788000
5964		2		12.444000
5965		2		12.279000
5966		2		11.913000
5967		2		11.807000
5968		2		12.250000
5969		2		11.843000
5970		2		12.396000
5971		2		12.458000
5972		2		11.782000
5973		2		12.150000
5974		2		11.738000
5975		2		11.788000
5976		2		11.850000
5977		2		11.619000
5978		2		12.088000
5979		2		13.209000
5980		2		12.939000
5981		2		12.371000
5982		2		11.862000
5983		2		12.163000
5984		2		11.644000
5985		2		11.520000
5986		2		11.969000
5987		2		12.506000
5988		2		12.734000
5989		2		12.365000
5990		2		11.879000
5991		2		12.224000
5992		2		12.006000
5993		2		11.835000
5994		2		12.146000
5995		2		12.176000
5996		2		12.580000
5997		2		11.872000
5998		2		11.785000
5999		2		12.164000
6000		2		11.900000
6001		2		12.082000
6002		2		11.973000
6003		2		11.738000
6004		2		13.316000
6005		2		12.794000
6006		2		12.179000
6007		2		12.373000
6008		2		11.841000
6009		2		12.546000
6010		2		11.767000
6011		2		11.722000
6012		2		14.441000
6013		2		12.265000
6014		2		12.673000
6015		2		11.932000
6016		2		11.734000
6017		2		12.273000
6018		2		11.789000
6019		2		12.320000
6020		2		12.009000
6021		2		11.896000
6022		2		12.226000
6023		2		11.782000
6024		2		11.830000
6025		2		11.941000
6026		2		11.684000
6027		2		12.143000
6028		2		11.729000
6029		2		13.523000
6030		2		12.323000
6031		2		11.844000
6032		2		12.230000
6033		2		11.796000
6034		2		11.715000
6035		2		12.247000
6036		2		11.800000
6037		2		13.098000
6038		2		12.231000
6039		2		12.423000
6040		2		12.035000
6041		2		11.782000
6042		2		11.684000
6043		2		12.313000
6044		2		11.860000
6045		2		12.934000
6046		2		13.300000
6047		2		12.248000
6048		2		12.252000
6049		2		11.895000
6050		2		12.088000
6051		2		11.857000
6052		2		11.683000
6053		2		12.271000
6054		2		12.446000
6055		2		12.148000
6056		2		12.111000
6057		2		11.678000
6058		2		12.130000
6059		2		11.785000
6060		2		11.720000
6061		2		12.317000
6062		2		13.697000
6063		2		12.267000
6064		2		12.249000
6065		2		11.839000
6066		2		12.186000
6067		2		11.827000
6068		2		11.919000
6069		2		11.972000
6070		2		12.008000
6071		2		13.243000
6072		2		12.343000
6073		2		12.069000
6074		2		12.074000
6075		2		11.742000
6076		2		12.288000
6077		2		11.780000
6078		2		11.712000
6079		2		12.952000
6080		2		12.764000
6081		2		13.149000
6082		2		11.963000
6083		2		11.668000
6084		2		13.009000
6085		2		11.765000
6086		2		12.673000
6087		2		12.206000
6088		2		11.868000
6089		2		12.854000
6090		2		11.738000
6091		2		12.670000
6092		2		11.969000
6093		2		11.675000
6094		2		12.926000
6095		2		12.995000
6096		2		12.629000
6097		2		12.286000
6098		2		12.087000
6099		2		11.954000
6100		2		11.968000
6101		2		11.665000
6102		2		12.265000
6103		2		12.346000
6104		2		13.407000
6105		2		12.346000
6106		2		11.879000
6107		2		12.294000
6108		2		11.764000
6109		2		12.264000
6110		2		11.887000
6111		2		11.732000
6112		2		14.039000
6113		2		11.948000
6114		2		11.925000
6115		2		11.830000
6116		2		11.795000
6117		2		12.168000
6118		2		11.661000
6119		2		11.618000
6120		2		16.648000
6121		2		13.103000
6122		2		12.361000
6123		2		11.720000
6124		2		12.111000
6125		2		11.911000
6126		2		11.733000
6127		2		12.342000
6128		2		15.077000
6129		2		12.747000
6130		2		13.047000
6131		2		11.841000
6132		2		12.188000
6133		2		11.804000
6134		2		11.730000
6135		2		11.911000
6136		2		13.494000
6137		2		14.781000
6138		2		13.335000
6139		2		12.080000
6140		2		11.873000
6141		2		11.623000
6142		2		12.203000
6143		2		11.757000
6144		2		13.552000
6145		2		11.846000
6146		2		11.643000
6147		2		12.187000
6148		2		11.645000
6149		2		11.565000
6150		2		12.020000
6151		2		11.649000
6152		2		12.017000
6153		2		16.531000
6154		2		12.984000
6155		2		12.095000
6156		2		11.713000
6157		2		12.091000
6158		2		11.652000
6159		2		11.688000
6160		2		12.297000
6161		2		15.908000
6162		2		13.049000
6163		2		12.140000
6164		2		11.766000
6165		2		12.149000
6166		2		11.699000
6167		2		12.191000
6168		2		11.778000
6169		2		16.061000
6170		2		12.037000
6171		2		13.137000
6172		2		12.358000
6173		2		11.946000
6174		2		11.806000
6175		2		12.352000
6176		2		11.912000
6177		2		13.922000
6178		2		11.882000
6179		2		11.687000
6180		2		12.436000
6181		2		11.655000
6182		2		11.816000
6183		2		11.886000
6184		2		11.714000
6185		2		13.969000
6186		2		12.403000
6187		2		13.072000
6188		2		11.950000
6189		2		11.675000
6190		2		12.401000
6191		2		11.736000
6192		2		11.712000
6193		2		12.771000
6194		2		17.344000
6195		2		14.324000
6196		2		12.312000
6197		2		12.248000
6198		2		11.761000
6199		2		11.656000
6200		2		12.387000
6201		2		12.004000
6202		2		11.751000
6203		2		12.155000
6204		2		11.776000
6205		2		12.220000
6206		2		11.823000
6207		2		11.635000
6208		2		12.435000
6209		2		12.072000
6210		2		13.003000
6211		2		12.778000
6212		2		11.779000
6213		2		12.742000
6214		2		11.720000
6215		2		11.717000
6216		2		12.765000
6217		2		11.842000
6218		2		13.285000
6219		2		12.004000
6220		2		12.864000
6221		2		12.460000
6222		2		11.874000
6223		2		12.213000
6224		2		11.812000
6225		2		11.679000
6226		2		12.522000
6227		2		11.787000
6228		2		11.881000
6229		2		12.055000
6230		2		11.719000
6231		2		12.254000
6232		2		11.785000
6233		2		11.700000
6234		2		13.195000
6235		2		12.653000
6236		2		13.204000
6237		2		11.948000
6238		2		11.786000
6239		2		12.973000
6240		2		11.963000
6241		2		12.532000
6242		2		12.201000
6243		2		12.460000
6244		2		12.616000
6245		2		11.848000
6246		2		12.190000
6247		2		11.952000
6248		2		11.696000
6249		2		12.355000
6250		2		11.744000
6251		2		13.246000
6252		2		12.441000
6253		2		13.079000
6254		2		12.789000
6255		2		11.749000
6256		2		11.788000
6257		2		12.549000
6258		2		11.589000
6259		2		13.373000
6260		2		11.872000
6261		2		11.836000
6262		2		12.708000
6263		2		11.917000
6264		2		12.743000
6265		2		11.848000
6266		2		11.820000
6267		2		14.073000
6268		2		12.202000
6269		2		13.115000
6270		2		11.955000
6271		2		12.119000
6272		2		12.443000
6273		2		11.840000
6274		2		12.025000
6275		2		12.333000
6276		2		13.102000
6277		2		13.272000
6278		2		11.749000
6279		2		12.040000
6280		2		12.261000
6281		2		11.685000
6282		2		12.347000
6283		2		11.977000
6284		2		11.966000
6285		2		12.223000
6286		2		11.823000
6287		2		12.157000
6288		2		11.939000
6289		2		11.854000
6290		2		12.257000
6291		2		11.969000
6292		2		13.564000
6293		2		12.232000
6294		2		12.467000
6295		2		12.249000
6296		2		11.800000
6297		2		11.835000
6298		2		12.293000
6299		2		11.648000
6300		2		12.376000
6301		2		13.265000
6302		2		12.572000
6303		2		12.317000
6304		2		11.762000
6305		2		12.473000
6306		2		11.819000
6307		2		11.830000
6308		2		12.972000
6309		2		11.929000
6310		2		12.298000
6311		2		11.861000
6312		2		11.760000
6313		2		12.461000
6314		2		11.766000
6315		2		11.796000
6316		2		12.399000
6317		2		14.069000
6318		2		12.565000
6319		2		11.967000
6320		2		12.104000
6321		2		12.246000
6322		2		11.764000
6323		2		12.092000
6324		2		11.988000
6325		2		13.453000
6326		2		12.348000
6327		2		12.430000
6328		2		12.456000
6329		2		11.860000
6330		2		11.722000
6331		2		12.295000
6332		2		11.808000
6333		2		12.292000
6334		2		13.438000
6335		2		12.329000
6336		2		12.581000
6337		2		11.845000
6338		2		12.180000
6339		2		12.218000
6340		2		11.933000
6341		2		13.251000
6342		2		12.125000
6343		2		12.189000
6344		2		12.257000
6345		2		11.720000
6346		2		12.439000
6347		2		11.895000
6348		2		13.455000
6349		2		13.121000
6350		2		12.115000
6351		2		12.321000
6352		2		12.029000
6353		2		11.733000
6354		2		12.195000
6355		2		11.753000
6356		2		11.956000
6357		2		11.906000
6358		2		12.683000
6359		2		13.225000
6360		2		12.491000
6361		2		12.078000
6362		2		11.936000
6363		2		12.008000
6364		2		12.309000
6365		2		11.683000
6366		2		12.314000
6367		2		14.073000
6368		2		12.362000
6369		2		12.379000
6370		2		11.864000
6371		2		11.719000
6372		2		12.185000
6373		2		11.766000
6374		2		13.050000
6375		2		11.980000
6376		2		11.731000
6377		2		12.905000
6378		2		11.900000
6379		2		12.662000
6380		2		11.870000
6381		2		11.756000
6382		2		12.831000
6383		2		14.442000
6384		2		12.291000
6385		2		12.115000
6386		2		11.801000
6387		2		12.369000
6388		2		11.647000
6389		2		11.727000
6390		2		12.274000
6391		2		14.367000
6392		2		12.339000
6393		2		12.012000
6394		2		11.793000
6395		2		12.246000
6396		2		11.638000
6397		2		12.121000
6398		2		11.794000
6399		2		12.345000
6400		2		13.075000
6401		2		12.340000
6402		2		12.017000
6403		2		11.971000
6404		2		11.695000
6405		2		12.192000
6406		2		11.703000
6407		2		12.132000
6408		2		12.161000
6409		2		11.762000
6410		2		12.231000
6411		2		11.756000
6412		2		11.675000
6413		2		12.357000
6414		2		11.681000
6415		2		11.671000
6416		2		12.418000
6417		2		13.127000
6418		2		12.360000
6419		2		12.073000
6420		2		12.098000
6421		2		12.255000
6422		2		11.861000
6423		2		12.159000
6424		2		12.161000
6425		2		12.357000
6426		2		12.573000
6427		2		12.342000
6428		2		11.947000
6429		2		11.963000
6430		2		11.733000
6431		2		12.314000
6432		2		12.131000
6433		2		12.120000
6434		2		12.220000
6435		2		11.810000
6436		2		12.173000
6437		2		11.731000
6438		2		11.743000
6439		2		12.262000
6440		2		11.775000
6441		2		13.682000
6442		2		12.020000
6443		2		12.571000
6444		2		13.025000
6445		2		11.832000
6446		2		12.152000
6447		2		12.715000
6448		2		11.735000
6449		2		13.508000
6450		2		12.828000
6451		2		12.355000
6452		2		12.437000
6453		2		11.729000
6454		2		12.766000
6455		2		11.744000
6456		2		11.696000
6457		2		13.124000
6458		2		11.816000
6459		2		12.803000
6460		2		11.783000
6461		2		11.724000
6462		2		12.816000
6463		2		11.722000
6464		2		12.550000
6465		2		12.770000
6466		2		12.589000
6467		2		12.813000
6468		2		11.822000
6469		2		12.261000
6470		2		12.284000
6471		2		11.698000
6472		2		12.495000
6473		2		12.328000
6474		2		13.197000
6475		2		12.898000
6476		2		11.905000
6477		2		13.148000
6478		2		12.594000
6479		2		11.756000
6480		2		12.555000
6481		2		12.314000
6482		2		12.728000
6483		2		11.798000
6484		2		11.758000
6485		2		12.803000
6486		2		11.791000
6487		2		12.588000
6488		2		11.785000
6489		2		11.692000
6490		2		12.949000
6491		2		13.015000
6492		2		12.264000
6493		2		12.058000
6494		2		11.699000
6495		2		12.155000
6496		2		11.688000
6497		2		11.679000
6498		2		13.641000
6499		2		12.052000
6500		2		12.704000
6501		2		11.952000
6502		2		11.825000
6503		2		12.576000
6504		2		11.790000
6505		2		12.044000
6506		2		12.624000
6507		2		13.059000
6508		2		12.932000
6509		2		11.888000
6510		2		12.724000
6511		2		12.176000
6512		2		11.828000
6513		2		12.599000
6514		2		12.301000
6515		2		12.156000
6516		2		12.638000
6517		2		11.725000
6518		2		12.538000
6519		2		11.783000
6520		2		11.671000
6521		2		12.667000
6522		2		11.815000
6523		2		13.627000
6524		2		12.385000
6525		2		12.072000
6526		2		12.690000
6527		2		11.780000
6528		2		12.117000
6529		2		12.339000
6530		2		11.782000
6531		2		13.672000
6532		2		11.989000
6533		2		12.205000
6534		2		12.293000
6535		2		11.696000
6536		2		11.855000
6537		2		11.946000
6538		2		11.719000
6539		2		12.331000
6540		2		13.935000
6541		2		12.325000
6542		2		12.328000
6543		2		11.778000
6544		2		12.350000
6545		2		11.770000
6546		2		11.707000
6547		2		12.370000
6548		2		13.669000
6549		2		12.301000
6550		2		12.034000
6551		2		11.690000
6552		2		12.341000
6553		2		11.799000
6554		2		11.965000
6555		2		12.003000
6556		2		12.691000
6557		2		12.739000
6558		2		12.455000
6559		2		12.141000
6560		2		12.068000
6561		2		11.693000
6562		2		12.372000
6563		2		11.847000
6564		2		12.322000
6565		2		12.470000
6566		2		11.746000
6567		2		12.509000
6568		2		11.803000
6569		2		11.704000
6570		2		12.616000
6571		2		13.167000
6572		2		12.944000
6573		2		12.451000
6574		2		11.951000
6575		2		13.071000
6576		2		11.817000
6577		2		12.711000
6578		2		12.038000
6579		2		11.745000
6580		2		12.863000
6581		2		13.512000
6582		2		12.500000
6583		2		12.721000
6584		2		12.563000
6585		2		12.931000
6586		2		11.731000
6587		2		12.019000
6588		2		12.619000
6589		2		12.346000
6590		2		13.183000
6591		2		12.740000
6592		2		11.896000
6593		2		12.520000
6594		2		11.710000
6595		2		12.768000
6596		2		11.790000
6597		2		11.979000
6598		2		12.889000
6599		2		11.831000
6600		2		12.828000
6601		2		13.222000
6602		2		12.039000
6603		2		12.905000
6604		2		11.836000
6605		2		12.903000
6606		2		12.040000
6607		2		12.436000
6608		2		12.411000
6609		2		11.679000
6610		2		11.836000
6611		2		12.276000
6612		2		11.702000
6613		2		12.846000
6614		2		13.507000
6615		2		12.546000
6616		2		12.271000
6617		2		11.756000
6618		2		12.272000
6619		2		11.805000
6620		2		11.676000
6621		2		12.281000
6622		2		13.761000
6623		2		11.992000
6624		2		12.097000
6625		2		11.778000
6626		2		12.206000
6627		2		11.771000
6628		2		11.777000
6629		2		11.971000
6630		2		12.132000
6631		2		13.341000
6632		2		12.330000
6633		2		11.863000
6634		2		12.333000
6635		2		12.019000
6636		2		12.300000
6637		2		11.794000
6638		2		12.395000
6639		2		12.379000
6640		2		11.758000
6641		2		11.809000
6642		2		12.046000
6643		2		11.725000
6644		2		12.203000
6645		2		11.763000
6646		2		11.721000
6647		2		13.039000
6648		2		12.264000
6649		2		12.333000
6650		2		12.063000
6651		2		11.798000
6652		2		12.318000
6653		2		11.629000
6654		2		11.797000
6655		2		12.958000
6656		2		12.747000
6657		2		13.325000
6658		2		11.683000
6659		2		11.764000
6660		2		12.395000
6661		2		11.725000
6662		2		12.196000
6663		2		12.529000
6664		2		13.018000
6665		2		12.459000
6666		2		12.259000
6667		2		12.333000
6668		2		12.023000
6669		2		11.754000
6670		2		12.273000
6671		2		12.025000
6672		2		12.240000
6673		2		11.983000
6674		2		11.804000
6675		2		12.286000
6676		2		11.705000
6677		2		11.679000
6678		2		12.495000
6679		2		11.760000
6680		2		13.173000
6681		2		12.339000
6682		2		12.368000
6683		2		12.449000
6684		2		11.790000
6685		2		11.909000
6686		2		12.005000
6687		2		11.734000
6688		2		12.877000
6689		2		12.574000
6690		2		12.554000
6691		2		12.099000
6692		2		11.595000
6693		2		12.218000
6694		2		11.616000
6695		2		11.571000
6696		2		13.090000
6697		2		12.074000
6698		2		12.473000
6699		2		11.668000
6700		2		11.576000
6701		2		12.272000
6702		2		11.573000
6703		2		11.629000
6704		2		12.064000
6705		2		12.153000
6706		2		13.116000
6707		2		11.973000
6708		2		12.328000
6709		2		12.288000
6710		2		11.799000
6711		2		12.277000
6712		2		11.973000
6713		2		12.313000
6714		2		12.720000
6715		2		12.888000
6716		2		13.187000
6717		2		11.908000
6718		2		11.789000
6719		2		12.269000
6720		2		11.877000
6721		2		12.348000
6722		2		12.120000
6723		2		11.799000
6724		2		12.357000
6725		2		11.816000
6726		2		11.753000
6727		2		12.500000
6728		2		11.844000
6729		2		11.955000
6730		2		13.587000
6731		2		13.058000
6732		2		12.490000
6733		2		11.839000
6734		2		12.215000
6735		2		12.218000
6736		2		11.773000
6737		2		12.496000
6738		2		13.554000
6739		2		12.566000
6740		2		12.490000
6741		2		11.859000
6742		2		12.564000
6743		2		11.847000
6744		2		11.953000
6745		2		12.321000
6746		2		12.474000
6747		2		13.331000
6748		2		12.413000
6749		2		12.008000
6750		2		12.405000
6751		2		12.020000
6752		2		12.391000
6753		2		11.836000
6754		2		11.957000
6755		2		12.397000
6756		2		11.826000
6757		2		12.069000
6758		2		12.079000
6759		2		11.768000
6760		2		12.305000
6761		2		11.842000
6762		2		12.292000
6763		2		13.090000
6764		2		13.160000
6765		2		13.009000
6766		2		11.913000
6767		2		12.272000
6768		2		12.682000
6769		2		11.849000
6770		2		12.980000
6771		2		13.574000
6772		2		12.544000
6773		2		12.620000
6774		2		11.849000
6775		2		12.946000
6776		2		12.091000
6777		2		12.430000
6778		2		12.876000
6779		2		13.614000
6780		2		12.489000
6781		2		12.883000
6782		2		12.858000
6783		2		12.614000
6784		2		11.923000
6785		2		12.787000
6786		2		11.801000
6787		2		12.584000
6788		2		12.638000
6789		2		11.994000
6790		2		13.004000
6791		2		11.871000
6792		2		11.821000
6793		2		12.853000
6794		2		11.837000
6795		2		12.983000
6796		2		12.101000
6797		2		12.385000
6798		2		12.452000
6799		2		11.813000
6800		2		12.293000
6801		2		12.057000
6802		2		11.835000
6803		2		13.235000
6804		2		12.569000
6805		2		12.254000
6806		2		12.098000
6807		2		11.769000
6808		2		12.217000
6809		2		11.724000
6810		2		11.769000
6811		2		12.281000
6812		2		14.034000
6813		2		13.131000
6814		2		11.980000
6815		2		11.794000
6816		2		12.938000
6817		2		11.866000
6818		2		12.917000
6819		2		11.914000
6820		2		13.219000
6821		2		12.668000
6822		2		12.590000
6823		2		12.540000
6824		2		12.042000
6825		2		11.853000
6826		2		12.542000
6827		2		11.926000
6828		2		12.723000
6829		2		12.253000
6830		2		11.927000
6831		2		12.495000
6832		2		11.917000
6833		2		11.987000
6834		2		12.295000
6835		2		11.968000
6836		2		13.401000
6837		2		12.640000
6838		2		13.188000
6839		2		12.232000
6840		2		11.985000
6841		2		12.403000
6842		2		11.888000
6843		2		11.854000
6844		2		12.612000
6845		2		13.380000
6846		2		13.191000
6847		2		12.010000
6848		2		11.776000
6849		2		12.923000
6850		2		11.850000
6851		2		12.555000
6852		2		12.257000
6853		2		12.043000
6854		2		13.035000
6855		2		11.986000
6856		2		12.207000
6857		2		12.567000
6858		2		11.862000
6859		2		12.999000
6860		2		12.190000
6861		2		13.103000
6862		2		12.495000
6863		2		12.184000
6864		2		12.318000
6865		2		12.005000
6866		2		11.854000
6867		2		12.417000
6868		2		12.424000
6869		2		13.615000
6870		2		12.270000
6871		2		12.447000
6872		2		12.445000
6873		2		11.899000
6874		2		12.226000
6875		2		11.964000
6876		2		11.829000
6877		2		12.758000
6878		2		12.777000
6879		2		12.129000
6880		2		11.866000
6881		2		11.681000
6882		2		12.272000
6883		2		11.725000
6884		2		11.679000
6885		2		14.529000
6886		2		13.385000
6887		2		12.513000
6888		2		11.855000
6889		2		12.005000
6890		2		12.179000
6891		2		11.821000
6892		2		12.239000
6893		2		15.017000
6894		2		13.501000
6895		2		12.896000
6896		2		11.777000
6897		2		12.515000
6898		2		11.830000
6899		2		12.155000
6900		2		12.190000
6901		2		15.805000
6902		2		12.573000
6903		2		13.268000
6904		2		12.342000
6905		2		11.803000
6906		2		12.044000
6907		2		12.413000
6908		2		11.830000
6909		2		13.898000
6910		2		12.115000
6911		2		11.879000
6912		2		12.549000
6913		2		11.843000
6914		2		11.945000
6915		2		12.096000
6916		2		11.714000
6917		2		13.388000
6918		2		12.621000
6919		2		12.591000
6920		2		13.091000
6921		2		11.739000
6922		2		12.831000
6923		2		11.857000
6924		2		11.736000
6925		2		13.966000
6926		2		13.849000
6927		2		13.681000
6928		2		12.066000
6929		2		12.070000
6930		2		12.361000
6931		2		11.817000
6932		2		12.384000
6933		2		12.427000
6934		2		11.896000
6935		2		12.514000
6936		2		11.867000
6937		2		11.982000
6938		2		12.101000
6939		2		11.805000
6940		2		12.467000
6941		2		11.927000
6942		2		13.417000
6943		2		12.474000
6944		2		12.000000
6945		2		12.517000
6946		2		12.239000
6947		2		11.864000
6948		2		12.638000
6949		2		11.965000
6950		2		13.889000
6951		2		12.059000
6952		2		13.035000
6953		2		12.614000
6954		2		11.847000
6955		2		12.422000
6956		2		11.907000
6957		2		11.828000
6958		2		13.243000
6959		2		12.362000
6960		2		12.181000
6961		2		12.661000
6962		2		11.820000
6963		2		12.958000
6964		2		11.801000
6965		2		11.991000
6966		2		13.370000
6967		2		11.833000
6968		2		12.844000
6969		2		11.869000
6970		2		11.891000
6971		2		12.589000
6972		2		11.844000
6973		2		12.850000
6974		2		12.002000
6975		2		13.962000
6976		2		12.957000
6977		2		11.932000
6978		2		12.955000
6979		2		11.832000
6980		2		11.915000
6981		2		12.885000
6982		2		11.926000
6983		2		13.413000
6984		2		12.114000
6985		2		12.778000
6986		2		13.066000
6987		2		11.819000
6988		2		12.754000
6989		2		12.151000
6990		2		12.395000
6991		2		12.910000
6992		2		11.870000
6993		2		12.560000
6994		2		12.320000
6995		2		11.947000
6996		2		12.924000
6997		2		13.266000
6998		2		12.557000
6999		2		12.343000
7000		2		12.128000
7001		2		12.090000
7002		2		12.189000
7003		2		11.980000
7004		2		12.182000
7005		2		12.137000
7006		2		21.719000
7007		2		13.898000
7008		2		12.569000
7009		2		11.955000
7010		2		12.249000
7011		2		11.936000
7012		2		11.787000
7013		2		12.335000
7014		2		11.885000
7015		2		13.693000
7016		2		12.532000
7017		2		12.077000
7018		2		12.507000
7019		2		11.788000
7020		2		11.840000
7021		2		12.120000
7022		2		11.926000
7023		2		13.018000
7024		2		12.457000
7025		2		12.286000
7026		2		12.280000
7027		2		11.981000
7028		2		12.093000
7029		2		11.756000
7030		2		11.689000
7031		2		12.222000
7032		2		13.938000
7033		2		12.195000
7034		2		12.293000
7035		2		11.702000
7036		2		12.199000
7037		2		11.622000
7038		2		11.712000
7039		2		12.235000
7040		2		12.385000
7041		2		12.849000
7042		2		11.808000
7043		2		11.707000
7044		2		12.668000
7045		2		11.803000
7046		2		12.500000
7047		2		11.797000
7048		2		12.105000
7049		2		13.425000
7050		2		12.921000
7051		2		12.297000
7052		2		11.916000
7053		2		11.839000
7054		2		12.569000
7055		2		11.722000
7056		2		11.918000
7057		2		13.087000
7058		2		12.315000
7059		2		12.517000
7060		2		11.928000
7061		2		11.868000
7062		2		12.213000
7063		2		11.715000
7064		2		12.261000
7065		2		12.483000
7066		2		12.629000
7067		2		12.671000
7068		2		11.865000
7069		2		12.176000
7070		2		11.772000
7071		2		11.635000
7072		2		12.230000
7073		2		12.205000
7074		2		12.159000
7075		2		12.116000
7076		2		11.667000
7077		2		12.133000
7078		2		11.735000
7079		2		11.605000
7080		2		12.108000
7081		2		11.646000
7082		2		13.919000
7083		2		12.169000
7084		2		12.058000
7085		2		12.168000
7086		2		11.889000
7087		2		11.814000
7088		2		11.940000
7089		2		11.677000
7090		2		12.704000
7091		2		12.383000
7092		2		12.425000
7093		2		12.244000
7094		2		11.761000
7095		2		12.143000
7096		2		11.836000
7097		2		11.837000
7098		2		12.780000
7099		2		12.070000
7100		2		11.930000
7101		2		12.029000
7102		2		11.779000
7103		2		12.170000
7104		2		11.749000
7105		2		11.705000
7106		2		12.125000
7107		2		13.721000
7108		2		13.089000
7109		2		12.130000
7110		2		12.474000
7111		2		13.288000
7112		2		11.966000
7113		2		12.874000
7114		2		11.792000
7115		2		13.449000
7116		2		12.325000
7117		2		12.277000
7118		2		12.221000
7119		2		11.901000
7120		2		11.700000
7121		2		12.300000
7122		2		11.707000
7123		2		12.381000
7124		2		13.101000
7125		2		12.395000
7126		2		12.588000
7127		2		11.879000
7128		2		12.114000
7129		2		12.140000
7130		2		11.863000
7131		2		12.894000
7132		2		12.065000
7133		2		11.773000
7134		2		12.419000
7135		2		11.745000
7136		2		11.947000
7137		2		11.845000
7138		2		11.668000
7139		2		12.284000
7140		2		13.323000
7141		2		12.247000
7142		2		12.256000
7143		2		11.820000
7144		2		12.211000
7145		2		11.671000
7146		2		11.631000
7147		2		12.184000
7148		2		12.753000
7149		2		12.712000
7150		2		12.283000
7151		2		11.769000
7152		2		12.211000
7153		2		11.668000
7154		2		11.647000
7155		2		12.118000
7156		2		12.221000
7157		2		12.770000
7158		2		12.006000
7159		2		12.341000
7160		2		12.284000
7161		2		11.703000
7162		2		11.781000
7163		2		11.806000
7164		2		11.629000
7165		2		12.762000
7166		2		11.612000
7167		2		11.628000
7168		2		12.246000
7169		2		11.724000
7170		2		11.945000
7171		2		11.704000
7172		2		11.621000
7173		2		12.764000
7174		2		12.087000
7175		2		12.102000
7176		2		11.921000
7177		2		11.578000
7178		2		12.090000
7179		2		11.736000
7180		2		11.571000
7181		2		12.246000
7182		2		12.863000
7183		2		12.203000
7184		2		12.104000
7185		2		12.049000
7186		2		12.347000
7187		2		11.773000
7188		2		11.607000
7189		2		12.353000
7190		2		12.277000
7191		2		12.469000
7192		2		11.944000
7193		2		11.697000
7194		2		12.450000
7195		2		11.733000
7196		2		11.815000
7197		2		12.200000
7198		2		11.674000
7199		2		13.000000
7200		2		14.498000
7201		2		11.989000
7202		2		11.935000
7203		2		11.823000
7204		2		12.243000
7205		2		11.611000
7206		2		11.584000
7207		2		13.096000
7208		2		12.169000
7209		2		12.031000
7210		2		12.064000
7211		2		11.722000
7212		2		12.157000
7213		2		11.680000
7214		2		11.722000
7215		2		12.450000
7216		2		12.707000
7217		2		12.402000
7218		2		12.005000
7219		2		11.724000
7220		2		12.567000
7221		2		11.649000
7222		2		12.225000
7223		2		12.331000
7224		2		12.074000
7225		2		12.245000
7226		2		11.816000
7227		2		11.859000
7228		2		12.144000
7229		2		11.720000
7230		2		12.164000
7231		2		11.839000
7232		2		12.844000
7233		2		12.511000
7234		2		12.185000
7235		2		12.256000
7236		2		12.012000
7237		2		11.761000
7238		2		12.421000
7239		2		11.691000
7240		2		12.389000
7241		2		12.341000
7242		2		12.217000
7243		2		12.249000
7244		2		11.621000
7245		2		11.585000
7246		2		12.255000
7247		2		11.605000
7248		2		12.209000
7249		2		12.248000
7250		2		11.751000
7251		2		12.382000
7252		2		11.832000
7253		2		11.857000
7254		2		12.273000
7255		2		11.819000
7256		2		12.351000
7257		2		12.727000
7258		2		12.164000
7259		2		12.494000
7260		2		11.866000
7261		2		12.114000
7262		2		11.924000
7263		2		11.663000
7264		2		12.339000
7265		2		11.870000
7266		2		13.793000
7267		2		12.953000
7268		2		11.926000
7269		2		12.299000
7270		2		12.364000
7271		2		12.116000
7272		2		12.194000
7273		2		12.124000
7274		2		12.502000
7275		2		11.888000
7276		2		11.840000
7277		2		12.384000
7278		2		11.999000
7279		2		12.407000
7280		2		11.724000
7281		2		11.761000
7282		2		13.592000
7283		2		12.285000
7284		2		12.026000
7285		2		12.109000
7286		2		11.889000
7287		2		12.213000
7288		2		11.809000
7289		2		11.840000
7290		2		13.589000
7291		2		12.847000
7292		2		12.513000
7293		2		11.787000
7294		2		11.682000
7295		2		12.344000
7296		2		11.699000
7297		2		12.000000
7298		2		12.398000
7299		2		13.290000
7300		2		12.444000
7301		2		12.005000
7302		2		12.216000
7303		2		12.015000
7304		2		11.759000
7305		2		12.203000
7306		2		11.711000
7307		2		12.404000
7308		2		12.076000
7309		2		11.727000
7310		2		12.118000
7311		2		11.747000
7312		2		11.724000
7313		2		12.434000
7314		2		11.780000
7315		2		13.526000
7316		2		12.044000
7317		2		12.847000
7318		2		12.774000
7319		2		11.919000
7320		2		12.562000
7321		2		12.040000
7322		2		11.872000
7323		2		12.816000
7324		2		13.575000
7325		2		12.632000
7326		2		12.106000
7327		2		11.755000
7328		2		12.408000
7329		2		11.735000
7330		2		11.674000
7331		2		12.439000
7332		2		13.033000
7333		2		12.486000
7334		2		12.463000
7335		2		11.811000
7336		2		12.358000
7337		2		11.656000
7338		2		11.776000
7339		2		12.324000
7340		2		12.214000
7341		2		12.025000
7342		2		11.836000
7343		2		11.730000
7344		2		12.080000
7345		2		11.754000
7346		2		11.857000
7347		2		11.842000
7348		2		13.639000
7349		2		12.448000
7350		2		12.244000
7351		2		12.323000
7352		2		12.023000
7353		2		11.711000
7354		2		12.519000
7355		2		11.764000
7356		2		11.960000
7357		2		13.867000
7358		2		12.603000
7359		2		12.536000
7360		2		12.423000
7361		2		12.378000
7362		2		12.529000
7363		2		12.376000
7364		2		12.825000
7365		2		12.915000
7366		2		12.600000
7367		2		12.572000
7368		2		12.418000
7369		2		12.533000
7370		2		12.428000
7371		2		12.403000
7372		2		12.931000
7373		2		12.449000
7374		2		12.544000
7375		2		12.461000
7376		2		12.423000
7377		2		12.565000
7378		2		12.436000
7379		2		12.544000
7380		2		12.641000
7381		2		12.893000
7382		2		12.691000
7383		2		12.513000
7384		2		12.548000
7385		2		12.549000
7386		2		12.517000
7387		2		12.565000
7388		2		12.826000
7389		2		13.791000
7390		2		13.265000
7391		2		12.626000
7392		2		13.210000
7393		2		12.389000
7394		2		13.227000
7395		2		12.418000
7396		2		13.380000
7397		2		12.480000
7398		2		12.433000
7399		2		13.214000
7400		2		12.410000
7401		2		13.081000
7402		2		12.448000
7403		2		12.420000
7404		2		13.831000
7405		2		13.178000
7406		2		13.310000
7407		2		12.451000
7408		2		12.421000
7409		2		13.037000
7410		2		12.388000
7411		2		13.133000
7412		2		13.845000
7413		2		20.030000
7414		2		17.324000
7415		2		13.266000
7416		2		12.404000
7417		2		13.057000
7418		2		12.472000
7419		2		12.572000
7420		2		13.191000
7421		2		12.391000
7422		2		12.993000
7423		2		12.494000
7424		2		12.372000
7425		2		14.196000
7426		2		12.518000
7427		2		12.657000
7428		2		12.530000
7429		2		12.340000
7430		2		12.555000
7431		2		12.379000
7432		2		12.616000
7433		2		12.439000
7434		2		12.347000
7435		2		13.456000
7436		2		12.604000
7437		2		12.888000
7438		2		12.513000
7439		2		12.422000
7440		2		12.548000
7441		2		12.401000
7442		2		12.608000
7443		2		13.094000
7444		2		12.623000
7445		2		12.792000
7446		2		12.458000
7447		2		12.625000
7448		2		12.454000
7449		2		12.373000
7450		2		12.626000
7451		2		12.631000
7452		2		12.637000
7453		2		12.433000
7454		2		12.377000
7455		2		12.616000
7456		2		12.362000
7457		2		12.583000
7458		2		12.420000
7459		2		13.222000
7460		2		12.640000
7461		2		12.609000
7462		2		12.655000
7463		2		12.536000
7464		2		12.395000
7465		2		12.630000
7466		2		12.410000
7467		2		13.290000
7468		2		12.580000
7469		2		12.642000
7470		2		12.650000
7471		2		12.438000
7472		2		12.609000
7473		2		12.425000
7474		2		12.373000
7475		2		12.858000
7476		2		12.397000
7477		2		12.619000
7478		2		12.440000
7479		2		12.406000
7480		2		12.717000
7481		2		12.449000
7482		2		12.611000
7483		2		13.269000
7484		2		12.614000
7485		2		12.734000
7486		2		12.391000
7487		2		12.611000
7488		2		12.364000
7489		2		12.426000
7490		2		12.709000
7491		2		13.884000
7492		2		12.808000
7493		2		12.602000
7494		2		12.679000
7495		2		12.486000
7496		2		12.465000
7497		2		12.666000
7498		2		12.425000
7499		2		12.729000
7500		2		12.530000
7501		2		12.396000
7502		2		12.649000
7503		2		12.420000
7504		2		12.574000
7505		2		12.513000
7506		2		12.444000
7507		2		13.915000
7508		2		13.312000
7509		2		12.855000
7510		2		12.944000
7511		2		12.434000
7512		2		13.053000
7513		2		12.401000
7514		2		13.142000
7515		2		13.080000
7516		2		12.573000
7517		2		12.616000
7518		2		12.389000
7519		2		12.522000
7520		2		12.411000
7521		2		12.399000
7522		2		12.524000
7523		2		12.981000
7524		2		12.923000
7525		2		12.632000
7526		2		12.427000
7527		2		12.564000
7528		2		12.418000
7529		2		12.584000
7530		2		12.414000
7531		2		12.735000
7532		2		12.567000
7533		2		12.474000
7534		2		12.557000
7535		2		12.432000
7536		2		12.421000
7537		2		12.577000
7538		2		12.423000
7539		2		13.915000
7540		2		13.009000
7541		2		13.049000
7542		2		12.572000
7543		2		12.459000
7544		2		12.682000
7545		2		12.420000
7546		2		12.638000
7547		2		13.009000
7548		2		12.576000
7549		2		12.846000
7550		2		12.445000
7551		2		12.629000
7552		2		12.607000
7553		2		12.385000
7554		2		12.638000
7555		2		12.692000
7556		2		12.611000
7557		2		12.625000
7558		2		12.490000
7559		2		12.705000
7560		2		12.416000
7561		2		12.744000
7562		2		12.611000
7563		2		13.778000
7564		2		12.740000
7565		2		12.689000
7566		2		12.567000
7567		2		12.515000
7568		2		12.403000
7569		2		12.722000
7570		2		12.490000
7571		2		13.404000
7572		2		12.600000
7573		2		12.712000
7574		2		12.643000
7575		2		12.526000
7576		2		12.601000
7577		2		12.521000
7578		2		12.486000
7579		2		12.681000
7580		2		12.510000
7581		2		12.899000
7582		2		12.533000
7583		2		12.469000
7584		2		12.765000
7585		2		12.476000
7586		2		12.865000
7587		2		13.367000
7588		2		12.632000
7589		2		12.706000
7590		2		12.524000
7591		2		12.639000
7592		2		12.520000
7593		2		12.486000
7594		2		12.675000
7595		2		13.129000
7596		2		13.542000
7597		2		13.216000
7598		2		12.722000
7599		2		13.337000
7600		2		12.492000
7601		2		13.344000
7602		2		12.488000
7603		2		13.401000
7604		2		12.614000
7605		2		12.476000
7606		2		13.264000
7607		2		12.494000
7608		2		13.220000
7609		2		12.547000
7610		2		12.436000
7611		2		13.723000
7612		2		12.700000
7613		2		12.660000
7614		2		12.538000
7615		2		12.424000
7616		2		12.577000
7617		2		12.439000
7618		2		12.580000
7619		2		14.401000
7620		2		12.677000
7621		2		12.586000
7622		2		12.445000
7623		2		12.638000
7624		2		12.466000
7625		2		12.541000
7626		2		12.569000
7627		2		13.729000
7628		2		12.686000
7629		2		12.572000
7630		2		12.610000
7631		2		12.561000
7632		2		12.427000
7633		2		12.957000
7634		2		12.467000
7635		2		12.984000
7636		2		12.657000
7637		2		12.690000
7638		2		12.624000
7639		2		12.477000
7640		2		12.427000
7641		2		12.578000
7642		2		12.427000
7643		2		12.600000
7644		2		12.437000
7645		2		12.439000
7646		2		12.553000
7647		2		12.422000
7648		2		12.504000
7649		2		12.437000
7650		2		12.444000
7651		2		13.662000
7652		2		13.150000
7653		2		13.200000
7654		2		12.456000
7655		2		13.068000
7656		2		12.548000
7657		2		12.400000
7658		2		13.182000
7659		2		13.397000
7660		2		12.563000
7661		2		12.586000
7662		2		12.395000
7663		2		12.553000
7664		2		12.399000
7665		2		12.569000
7666		2		12.448000
7667		2		12.636000
7668		2		12.516000
7669		2		12.354000
7670		2		12.459000
7671		2		15.665000
7672		2		15.766000
7673		2		15.703000
7674		2		16.632000
7675		2		15.892000
7676		2		15.793000
7677		2		15.771000
7678		2		15.722000
7679		2		15.694000
7680		2		15.976000
7681		2		16.443000
7682		2		15.818000
7683		2		15.742000
7684		2		15.663000
7685		2		15.671000
7686		2		15.699000
7687		2		15.815000
7688		2		15.750000
7689		2		15.675000
7690		2		15.768000
7691		2		15.721000
7692		2		15.753000
7693		2		16.695000
7694		2		15.900000
7695		2		15.865000
7696		2		15.748000
7697		2		15.750000
7698		2		15.771000
7699		2		15.751000
7700		2		17.241000
7701		2		16.695000
7702		2		16.445000
7703		2		15.738000
7704		2		16.534000
7705		2		15.685000
7706		2		17.230000
7707		2		15.965000
7708		2		15.901000
7709		2		15.686000
7710		2		15.808000
7711		2		15.668000
7712		2		16.047000
7713		2		15.761000
7714		2		15.804000
7715		2		15.678000
7716		2		15.823000
7717		2		15.673000
7718		2		15.763000
7719		2		17.045000
7720		2		17.220000
7721		2		15.963000
7722		2		16.196000
7723		2		15.815000
7724		2		16.187000
7725		2		17.530000
7726		2		16.957000
7727		2		16.325000
7728		2		16.050000
7729		2		16.283000
7730		2		15.876000
7731		2		16.724000
7732		2		16.890000
7733		2		17.146000
7734		2		15.791000
7735		2		16.303000
7736		2		15.805000
7737		2		16.272000
7738		2		15.877000
7739		2		16.265000
7740		2		15.830000
7741		2		15.869000
7742		2		15.797000
7743		2		15.841000
7744		2		16.266000
7745		2		15.842000
7746		2		15.693000
7747		2		15.825000
7748		2		15.688000
7749		2		15.867000
7750		2		16.550000
7751		2		16.126000
7752		2		15.835000
7753		2		15.897000
7754		2		15.783000
7755		2		15.883000
7756		2		15.871000
7757		2		16.589000
7758		2		16.000000
7759		2		15.907000
7760		2		15.704000
7761		2		15.872000
7762		2		15.760000
7763		2		16.097000
7764		2		15.806000
7765		2		15.877000
7766		2		15.789000
7767		2		15.875000
7768		2		15.794000
7769		2		16.770000
7770		2		16.886000
7771		2		16.802000
7772		2		15.799000
7773		2		16.524000
7774		2		15.794000
7775		2		16.781000
7776		2		17.107000
7777		2		16.525000
7778		2		16.694000
7779		2		15.809000
7780		2		15.788000
7781		2		16.142000
7782		2		15.946000
7783		2		15.856000
7784		2		15.858000
7785		2		15.809000
7786		2		15.856000
7787		2		15.902000
7788		2		19.572000
7789		2		17.784000
7790		2		16.771000
7791		2		15.835000
7792		2		16.629000
7793		2		15.777000
7794		2		16.704000
7795		2		15.954000
7796		2		15.891000
7797		2		15.766000
7798		2		15.910000
7799		2		15.779000
7800		2		16.036000
7801		2		15.721000
7802		2		15.833000
7803		2		15.749000
7804		2		15.857000
7805		2		15.688000
7806		2		15.793000
7807		2		17.130000
7808		2		16.756000
7809		2		16.616000
7810		2		16.601000
7811		2		15.769000
7812		2		16.558000
7813		2		17.818000
7814		2		15.870000
7815		2		15.850000
7816		2		15.912000
7817		2		15.868000
7818		2		15.803000
7819		2		15.873000
7820		2		17.933000
7821		2		16.336000
7822		2		15.752000
7823		2		15.858000
7824		2		15.821000
7825		2		15.857000
7826		2		15.808000
7827		2		15.804000
7828		2		15.804000
7829		2		15.880000
7830		2		15.752000
7831		2		15.877000
7832		2		17.891000
7833		2		17.015000
7834		2		15.849000
7835		2		16.775000
7836		2		15.845000
7837		2		16.732000
7838		2		17.473000
7839		2		16.395000
7840		2		15.851000
7841		2		15.888000
7842		2		15.701000
7843		2		15.976000
7844		2		16.164000
7845		2		16.955000
7846		2		16.051000
7847		2		16.029000
7848		2		15.731000
7849		2		15.990000
7850		2		16.320000
7851		2		16.709000
7852		2		16.682000
7853		2		16.020000
7854		2		16.636000
7855		2		15.965000
7856		2		16.517000
7857		2		16.590000
7858		2		16.011000
7859		2		15.826000
7860		2		15.865000
7861		2		15.829000
7862		2		15.889000
7863		2		16.585000
7864		2		15.966000
7865		2		15.943000
7866		2		15.895000
7867		2		15.950000
7868		2		15.838000
7869		2		16.073000
7870		2		15.850000
7871		2		15.739000
7872		2		15.834000
7873		2		15.790000
7874		2		15.859000
7875		2		15.806000
7876		2		17.840000
7877		2		16.707000
7878		2		16.718000
7879		2		15.797000
7880		2		16.582000
7881		2		15.803000
7882		2		17.408000
7883		2		16.001000
7884		2		15.969000
7885		2		15.782000
7886		2		15.881000
7887		2		15.810000
7888		2		16.191000
7889		2		16.508000
7890		2		16.065000
7891		2		15.891000
7892		2		15.922000
7893		2		15.829000
7894		2		16.262000
7895		2		15.892000
7896		2		15.886000
7897		2		15.816000
7898		2		15.865000
7899		2		15.880000
7900		2		15.834000
7901		2		16.742000
7902		2		15.987000
7903		2		15.891000
7904		2		15.834000
7905		2		15.914000
7906		2		15.882000
7907		2		16.375000
7908		2		16.298000
7909		2		15.959000
7910		2		15.884000
7911		2		15.986000
7912		2		15.817000
7913		2		16.209000
7914		2		16.448000
7915		2		16.025000
7916		2		15.885000
7917		2		15.866000
7918		2		15.813000
7919		2		15.852000
7920		2		15.758000
7921		2		15.921000
7922		2		15.870000
7923		2		15.866000
7924		2		15.825000
7925		2		15.897000
7926		2		17.304000
7927		2		16.050000
7928		2		15.857000
7929		2		15.989000
7930		2		15.871000
7931		2		15.852000
7932		2		15.864000
7933		2		16.721000
7934		2		15.848000
7935		2		15.800000
7936		2		15.625000
7937		2		15.810000
7938		2		15.787000
7939		2		17.145000
7940		2		15.955000
7941		2		15.782000
7942		2		15.745000
7943		2		15.885000
7944		2		15.774000
7945		2		16.176000
7946		2		15.761000
7947		2		15.871000
7948		2		15.726000
7949		2		15.903000
7950		2		15.818000
7951		2		15.900000
7952		2		17.205000
7953		2		16.856000
7954		2		15.732000
7955		2		16.668000
7956		2		15.792000
7957		2		16.616000
7958		2		18.240000
7959		2		15.959000
7960		2		15.868000
7961		2		15.766000
7962		2		15.966000
7963		2		15.806000
7964		2		16.007000
7965		2		17.083000
7966		2		15.943000
7967		2		15.786000
7968		2		15.721000
7969		2		15.801000
7970		2		16.182000
7971		2		15.804000
7972		2		15.905000
7973		2		15.820000
7974		2		15.833000
7975		2		15.797000
7976		2		15.888000
7977		2		17.094000
7978		2		16.083000
7979		2		15.859000
7980		2		15.926000
7981		2		15.857000
7982		2		15.901000
7983		2		16.893000
7984		2		16.251000
7985		2		16.002000
7986		2		16.010000
7987		2		15.869000
7988		2		16.023000
7989		2		16.236000
7990		2		15.592000
7991		2		14.477000
7992		2		14.379000
7993		2		14.280000
7994		2		14.335000
7995		2		14.292000
7996		2		14.782000
7997		2		14.356000
7998		2		14.254000
7999		2		14.463000
8000		2		14.232000
8001		2		14.319000
8002		2		14.282000
8003		2		14.833000
8004		2		14.712000
8005		2		14.419000
8006		2		14.252000
8007		2		14.506000
8008		2		14.330000
8009		2		14.413000
8010		2		14.729000
8011		2		14.851000
8012		2		15.296000
8013		2		14.264000
8014		2		15.000000
8015		2		14.241000
8016		2		15.130000
8017		2		15.693000
8018		2		15.017000
8019		2		14.293000
8020		2		14.975000
8021		2		14.338000
8022		2		14.994000
8023		2		14.252000
8024		2		18.530000
8025		2		15.313000
8026		2		14.408000
8027		2		14.264000
8028		2		14.547000
8029		2		14.343000
8030		2		14.203000
8031		2		15.708000
8032		2		14.364000
8033		2		14.318000
8034		2		14.213000
8035		2		14.286000
8036		2		14.232000
8037		2		14.257000
8038		2		15.490000
8039		2		14.909000
8040		2		14.663000
8041		2		14.623000
8042		2		14.717000
8043		2		14.224000
8044		2		14.880000
8045		2		15.596000
8046		2		15.135000
8047		2		14.325000
8048		2		14.898000
8049		2		14.210000
8050		2		15.018000
8051		2		14.203000
8052		2		15.432000
8053		2		15.047000
8054		2		15.129000
8055		2		14.268000
8056		2		14.901000
8057		2		14.231000
8058		2		14.638000
8059		2		14.618000
8060		2		14.174000
8061		2		14.935000
8062		2		14.182000
8063		2		14.797000
8064		2		14.089000
8065		2		14.953000
8066		2		15.146000
8067		2		14.333000
8068		2		14.229000
8069		2		14.332000
8070		2		14.218000
8071		2		14.459000
8072		2		14.275000
8073		2		15.237000
8074		2		14.363000
8075		2		14.256000
8076		2		14.257000
8077		2		14.256000
8078		2		14.287000
8079		2		14.193000
8080		2		14.946000
8081		2		14.396000
8082		2		14.347000
8083		2		14.221000
8084		2		14.321000
8085		2		14.311000
8086		2		14.183000
8087		2		14.724000
8088		2		14.212000
8089		2		14.266000
8090		2		14.201000
8091		2		14.242000
8092		2		14.172000
8093		2		14.233000
8094		2		15.450000
8095		2		14.555000
8096		2		14.671000
8097		2		14.288000
8098		2		16.665000
8099		2		14.235000
8100		2		14.278000
8101		2		14.773000
8102		2		14.436000
8103		2		14.303000
8104		2		14.282000
8105		2		14.234000
8106		2		14.252000
8107		2		14.187000
8108		2		14.605000
8109		2		14.343000
8110		2		14.140000
8111		2		14.417000
8112		2		14.167000
8113		2		14.229000
8114		2		14.177000
8115		2		15.032000
8116		2		14.422000
8117		2		14.365000
8118		2		14.233000
8119		2		14.431000
8120		2		14.266000
8121		2		14.172000
8122		2		15.160000
8123		2		14.336000
8124		2		14.396000
8125		2		14.185000
8126		2		14.314000
8127		2		14.184000
8128		2		14.225000
8129		2		14.411000
8130		2		14.389000
8131		2		14.225000
8132		2		14.070000
8133		2		14.337000
8134		2		14.128000
8135		2		14.244000
8136		2		16.063000
8137		2		14.359000
8138		2		14.224000
8139		2		14.255000
8140		2		14.180000
8141		2		14.416000
8142		2		14.257000
8143		2		15.749000
8144		2		14.302000
8145		2		14.293000
8146		2		14.227000
8147		2		14.150000
8148		2		14.188000
8149		2		14.162000
8150		2		14.469000
8151		2		14.164000
8152		2		14.180000
8153		2		14.152000
8154		2		14.112000
8155		2		14.204000
8156		2		14.113000
8157		2		15.143000
8158		2		14.299000
8159		2		14.287000
8160		2		14.129000
8161		2		14.154000
8162		2		14.049000
8163		2		14.190000
8164		2		14.617000
8165		2		15.290000
8166		2		14.300000
8167		2		14.116000
8168		2		14.173000
8169		2		14.046000
8170		2		14.149000
8171		2		14.331000
8172		2		14.157000
8173		2		14.138000
8174		2		14.133000
8175		2		14.164000
8176		2		14.071000
8177		2		14.128000
8178		2		17.115000
8179		2		15.324000
8180		2		14.186000
8181		2		14.192000
8182		2		14.033000
8183		2		14.124000
8184		2		14.018000
8185		2		18.602000
8186		2		15.113000
8187		2		12.915000
8188		2		12.341000
8189		2		12.314000
8190		2		12.384000
8191		2		12.309000
8192		2		13.748000
8193		2		12.443000
8194		2		12.370000
8195		2		12.437000
8196		2		12.340000
8197		2		12.495000
8198		2		12.324000
8199		2		12.404000
8200		2		14.539000
8201		2		14.111000
8202		2		13.362000
8203		2		12.387000
8204		2		12.505000
8205		2		12.418000
8206		2		12.332000
8207		2		12.443000
8208		2		16.083000
8209		2		12.968000
8210		2		13.328000
8211		2		12.454000
8212		2		12.570000
8213		2		12.374000
8214		2		12.496000
8215		2		12.392000
8216		2		13.527000
8217		2		12.475000
8218		2		12.381000
8219		2		12.469000
8220		2		12.385000
8221		2		12.469000
8222		2		12.434000
8223		2		12.353000
8224		2		16.058000
8225		2		13.584000
8226		2		12.509000
8227		2		12.439000
8228		2		12.416000
8229		2		12.633000
8230		2		12.395000
8231		2		12.628000
8232		2		15.444000
8233		2		13.040000
8234		2		12.549000
8235		2		12.413000
8236		2		12.609000
8237		2		12.471000
8238		2		12.568000
8239		2		12.449000
8240		2		15.911000
8241		2		13.507000
8242		2		12.499000
8243		2		12.643000
8244		2		12.495000
8245		2		12.585000
8246		2		12.568000
8247		2		12.426000
8248		2		15.651000
8249		2		13.123000
8250		2		12.574000
8251		2		12.493000
8252		2		12.426000
8253		2		12.556000
8254		2		12.453000
8255		2		12.525000
8256		2		15.603000
8257		2		13.572000
8258		2		12.600000
8259		2		12.453000
8260		2		12.569000
8261		2		12.448000
8262		2		12.566000
8263		2		12.536000
8264		2		16.281000
8265		2		13.464000
8266		2		12.554000
8267		2		12.570000
8268		2		12.514000
8269		2		12.658000
8270		2		12.668000
8271		2		12.426000
8272		2		15.792000
8273		2		13.455000
8274		2		12.573000
8275		2		12.506000
8276		2		12.428000
8277		2		12.580000
8278		2		12.449000
8279		2		12.562000
8280		2		15.700000
8281		2		13.677000
8282		2		12.585000
8283		2		12.449000
8284		2		12.579000
8285		2		12.443000
8286		2		12.537000
8287		2		12.437000
8288		2		16.221000
8289		2		13.425000
8290		2		12.479000
8291		2		12.573000
8292		2		12.483000
8293		2		12.537000
8294		2		12.489000
8295		2		12.439000
8296		2		15.700000
8297		2		13.364000
8298		2		12.781000
8299		2		12.532000
8300		2		12.484000
8301		2		12.662000
8302		2		12.514000
8303		2		12.622000
8304		2		15.527000
8305		2		13.696000
8306		2		12.515000
8307		2		12.485000
8308		2		12.597000
8309		2		12.497000
8310		2		12.599000
8311		2		12.536000
8312		2		16.075000
8313		2		13.651000
8314		2		12.471000
8315		2		12.618000
8316		2		12.505000
8317		2		12.498000
8318		2		12.393000
8319		2		12.342000
8320		2		14.886000
8321		2		12.590000
8322		2		12.552000
8323		2		12.516000
8324		2		12.480000
8325		2		12.675000
8326		2		12.474000
8327		2		12.549000
8328		2		13.450000
8329		2		12.751000
8330		2		12.744000
8331		2		12.523000
8332		2		12.674000
8333		2		12.527000
8334		2		12.520000
8335		2		12.636000
8336		2		13.528000
8337		2		12.656000
8338		2		12.683000
8339		2		12.663000
8340		2		12.629000
8341		2		12.542000
8342		2		12.674000
8343		2		12.507000
8344		2		13.590000
8345		2		12.632000
8346		2		12.758000
8347		2		12.764000
8348		2		12.569000
8349		2		12.645000
8350		2		12.603000
8351		2		12.479000
8352		2		13.260000
8353		2		12.625000
8354		2		12.599000
8355		2		12.673000
8356		2		12.413000
8357		2		12.700000
8358		2		12.556000
8359		2		12.663000
8360		2		13.106000
8361		2		12.713000
8362		2		12.739000
8363		2		12.611000
8364		2		12.634000
8365		2		12.595000
8366		2		12.548000
8367		2		12.673000
8368		2		13.895000
8369		2		12.608000
8370		2		12.590000
8371		2		12.618000
8372		2		12.619000
8373		2		12.584000
8374		2		12.688000
8375		2		12.544000
8376		2		14.654000
8377		2		12.705000
8378		2		12.625000
8379		2		12.627000
8380		2		12.554000
8381		2		12.595000
8382		2		12.627000
8383		2		12.502000
8384		2		13.980000
8385		2		12.553000
8386		2		12.531000
8387		2		12.574000
8388		2		12.492000
8389		2		12.654000
8390		2		12.489000
8391		2		12.713000
8392		2		15.993000
8393		2		13.579000
8394		2		12.670000
8395		2		12.590000
8396		2		12.668000
8397		2		12.559000
8398		2		12.669000
8399		2		12.643000
8400		2		15.663000
8401		2		13.622000
8402		2		12.531000
8403		2		12.663000
8404		2		12.484000
8405		2		12.578000
8406		2		12.659000
8407		2		12.568000
8408		2		15.688000
8409		2		13.485000
8410		2		12.634000
8411		2		12.568000
8412		2		12.577000
8413		2		12.627000
8414		2		14.637000
8415		2		13.523000
8416		2		14.997000
8417		2		13.457000
8418		2		12.657000
8419		2		12.484000
8420		2		12.581000
8421		2		12.530000
8422		2		12.643000
8423		2		12.687000
8424		2		14.874000
8425		2		12.755000
8426		2		12.542000
8427		2		12.681000
8428		2		12.580000
8429		2		12.604000
8430		2		12.790000
8431		2		12.554000
8432		2		13.981000
8433		2		12.669000
8434		2		12.733000
8435		2		12.704000
8436		2		12.493000
8437		2		12.682000
8438		2		12.536000
8439		2		12.608000
8440		2		13.839000
8441		2		12.743000
8442		2		13.013000
8443		2		12.521000
8444		2		12.553000
8445		2		12.519000
8446		2		12.431000
8447		2		12.615000
8448		2		13.564000
8449		2		12.642000
8450		2		13.157000
8451		2		12.595000
8452		2		13.234000
8453		2		12.502000
8454		2		13.300000
8455		2		12.516000
8456		2		13.841000
8457		2		13.252000
8458		2		12.615000
8459		2		13.136000
8460		2		12.563000
8461		2		13.238000
8462		2		12.557000
8463		2		12.482000
8464		2		13.715000
8465		2		12.776000
8466		2		12.669000
8467		2		12.537000
8468		2		12.526000
8469		2		12.677000
8470		2		12.528000
8471		2		12.655000
8472		2		13.430000
8473		2		20.239000
8474		2		13.569000
8475		2		19.322000
8476		2		12.906000
8477		2		13.255000
8478		2		12.586000
8479		2		14.635000
8480		2		12.576000
8481		2		12.593000
8482		2		12.673000
8483		2		12.573000
8484		2		12.574000
8485		2		12.669000
8486		2		12.558000
8487		2		14.806000
8488		2		12.685000
8489		2		12.707000
8490		2		12.651000
8491		2		12.553000
8492		2		12.776000
8493		2		12.584000
8494		2		12.742000
8495		2		14.418000
8496		2		14.294000
8497		2		16.447000
8498		2		14.581000
8499		2		14.535000
8500		2		14.336000
8501		2		14.421000
8502		2		14.422000
8503		2		14.433000
8504		2		14.292000
8505		2		14.369000
8506		2		14.327000
8507		2		14.472000
8508		2		14.351000
8509		2		16.082000
8510		2		14.485000
8511		2		14.310000
8512		2		14.419000
8513		2		14.280000
8514		2		14.424000
8515		2		14.264000
8516		2		17.164000
8517		2		14.457000
8518		2		14.418000
8519		2		14.299000
8520		2		14.318000
8521		2		14.313000
8522		2		14.536000
8523		2		15.911000
8524		2		14.578000
8525		2		14.407000
8526		2		14.228000
8527		2		14.362000
8528		2		14.265000
8529		2		14.370000
8530		2		15.612000
8531		2		14.842000
8532		2		14.454000
8533		2		14.404000
8534		2		14.366000
8535		2		14.492000
8536		2		14.316000
8537		2		14.683000
8538		2		14.370000
8539		2		14.251000
8540		2		14.328000
8541		2		14.229000
8542		2		14.280000
8543		2		14.209000
8544		2		15.883000
8545		2		14.384000
8546		2		14.369000
8547		2		14.240000
8548		2		14.413000
8549		2		14.279000
8550		2		14.376000
8551		2		14.944000
8552		2		14.378000
8553		2		14.442000
8554		2		14.229000
8555		2		14.331000
8556		2		14.176000
8557		2		14.298000
8558		2		14.483000
8559		2		14.318000
8560		2		14.232000
8561		2		14.380000
8562		2		14.289000
8563		2		14.171000
8564		2		14.418000
8565		2		16.453000
8566		2		14.404000
8567		2		14.311000
8568		2		14.306000
8569		2		14.258000
8570		2		14.244000
8571		2		14.177000
8572		2		15.748000
8573		2		14.285000
8574		2		14.353000
8575		2		14.256000
8576		2		14.037000
8577		2		14.242000
8578		2		14.138000
8579		2		14.499000
8580		2		14.177000
8581		2		14.223000
8582		2		14.167000
8583		2		14.236000
8584		2		14.134000
8585		2		14.164000
8586		2		15.004000
8587		2		14.368000
8588		2		14.361000
8589		2		14.203000
8590		2		14.266000
8591		2		14.199000
8592		2		14.235000
8593		2		15.014000
8594		2		15.148000
8595		2		14.412000
8596		2		14.250000
8597		2		14.269000
8598		2		14.187000
8599		2		14.296000
8600		2		14.484000
8601		2		14.287000
8602		2		14.154000
8603		2		16.647000
8604		2		14.198000
8605		2		14.293000
8606		2		14.162000
8607		2		15.040000
8608		2		14.312000
8609		2		14.370000
8610		2		14.279000
8611		2		14.159000
8612		2		14.275000
8613		2		14.162000
8614		2		14.929000
8615		2		14.466000
8616		2		14.253000
8617		2		14.137000
8618		2		14.212000
8619		2		14.207000
8620		2		14.358000
8621		2		15.019000
8622		2		14.483000
8623		2		14.392000
8624		2		14.123000
8625		2		14.254000
8626		2		14.131000
8627		2		14.251000
8628		2		14.438000
8629		2		14.243000
8630		2		14.204000
8631		2		14.436000
8632		2		14.220000
8633		2		14.134000
8634		2		14.366000
8635		2		15.210000
8636		2		14.380000
8637		2		14.322000
8638		2		14.250000
8639		2		14.150000
8640		2		14.177000
8641		2		14.137000
8642		2		15.450000
8643		2		15.046000
8644		2		14.486000
8645		2		14.275000
8646		2		14.123000
8647		2		14.290000
8648		2		14.175000
8649		2		14.376000
8650		2		14.174000
8651		2		14.280000
8652		2		14.168000
8653		2		14.396000
8654		2		14.185000
8655		2		14.323000
8656		2		15.159000
8657		2		14.409000
8658		2		14.262000
8659		2		14.162000
8660		2		14.215000
8661		2		14.165000
8662		2		14.220000
8663		2		14.850000
8664		2		15.140000
8665		2		14.319000
8666		2		14.433000
8667		2		14.261000
8668		2		14.121000
8669		2		14.408000
8670		2		14.373000
8671		2		14.248000
8672		2		14.114000
8673		2		14.181000
8674		2		14.126000
8675		2		14.151000
8676		2		14.144000
8677		2		16.008000
8678		2		14.315000
8679		2		14.357000
8680		2		14.349000
8681		2		14.129000
8682		2		14.252000
8683		2		14.147000
8684		2		15.080000
8685		2		14.316000
8686		2		14.282000
8687		2		14.125000
8688		2		14.215000
8689		2		14.127000
8690		2		14.198000
8691		2		14.479000
8692		2		14.101000
8693		2		14.172000
8694		2		14.077000
8695		2		14.166000
8696		2		14.079000
8697		2		14.647000
8698		2		14.503000
8699		2		14.261000
8700		2		14.176000
8701		2		14.063000
8702		2		14.169000
8703		2		14.032000
8704		2		14.087000
8705		2		15.244000
8706		2		14.226000
8707		2		14.201000
8708		2		14.153000
8709		2		14.067000
8710		2		14.209000
8711		2		14.159000
8712		2		15.004000
8713		2		14.496000
8714		2		14.317000
8715		2		14.243000
8716		2		14.151000
8717		2		14.225000
8718		2		14.120000
8719		2		14.663000
8720		2		14.134000
8721		2		14.321000
8722		2		14.181000
8723		2		14.346000
8724		2		14.340000
8725		2		14.214000
8726		2		15.566000
8727		2		14.253000
8728		2		14.375000
8729		2		14.213000
8730		2		14.223000
8731		2		14.206000
8732		2		14.229000
8733		2		14.425000
8734		2		15.119000
8735		2		14.967000
8736		2		14.148000
8737		2		14.967000
8738		2		14.152000
8739		2		14.860000
8740		2		14.244000
8741		2		15.027000
8742		2		14.207000
8743		2		14.999000
8744		2		14.202000
8745		2		14.935000
8746		2		14.220000
8747		2		15.604000
8748		2		14.309000
8749		2		14.342000
8750		2		14.295000
8751		2		14.191000
8752		2		14.344000
8753		2		14.177000
8754		2		14.876000
8755		2		15.319000
8756		2		14.615000
8757		2		14.289000
8758		2		14.315000
8759		2		14.252000
8760		2		14.300000
8761		2		15.047000
8762		2		14.390000
8763		2		14.461000
8764		2		14.171000
8765		2		14.349000
8766		2		14.204000
8767		2		14.256000
8768		2		14.439000
8769		2		14.306000
8770		2		14.188000
8771		2		14.247000
8772		2		13.102000
8773		2		12.431000
8774		2		12.606000
8775		2		13.047000
8776		2		13.024000
8777		2		12.672000
8778		2		12.524000
8779		2		12.640000
8780		2		12.580000
8781		2		12.662000
8782		2		12.509000
8783		2		12.865000
8784		2		13.432000
8785		2		12.719000
8786		2		12.724000
8787		2		12.536000
8788		2		12.541000
8789		2		12.688000
8790		2		12.540000
8791		2		13.021000
8792		2		12.540000
8793		2		12.586000
8794		2		12.706000
8795		2		12.503000
8796		2		12.665000
8797		2		12.536000
8798		2		12.580000
8799		2		14.241000
8800		2		12.723000
8801		2		12.851000
8802		2		12.557000
8803		2		12.613000
8804		2		12.576000
8805		2		12.487000
8806		2		12.636000
8807		2		12.961000
8808		2		13.008000
8809		2		12.740000
8810		2		12.529000
8811		2		12.672000
8812		2		12.545000
8813		2		12.631000
8814		2		12.544000
8815		2		12.747000
8816		2		12.676000
8817		2		12.546000
8818		2		12.644000
8819		2		12.461000
8820		2		12.485000
8821		2		12.617000
8822		2		12.498000
8823		2		13.803000
8824		2		12.611000
8825		2		13.433000
8826		2		13.268000
8827		2		12.650000
8828		2		22.901000
8829		2		12.873000
8830		2		13.952000
8831		2		12.568000
8832		2		12.667000
8833		2		12.519000
8834		2		12.622000
8835		2		12.585000
8836		2		12.519000
8837		2		12.675000
8838		2		12.518000
8839		2		12.651000
8840		2		12.618000
8841		2		12.455000
8842		2		12.686000
8843		2		12.482000
8844		2		12.611000
8845		2		12.613000
8846		2		13.328000
8847		2		12.791000
8848		2		12.725000
8849		2		12.654000
8850		2		12.663000
8851		2		12.517000
8852		2		12.701000
8853		2		12.516000
8854		2		13.217000
8855		2		12.772000
8856		2		12.695000
8857		2		12.706000
8858		2		12.517000
8859		2		12.651000
8860		2		12.683000
8861		2		12.512000
8862		2		13.432000
8863		2		12.503000
8864		2		13.243000
8865		2		12.630000
8866		2		12.512000
8867		2		13.103000
8868		2		12.570000
8869		2		13.123000
8870		2		13.351000
8871		2		12.681000
8872		2		12.850000
8873		2		12.480000
8874		2		12.626000
8875		2		12.656000
8876		2		12.553000
8877		2		12.785000
8878		2		13.231000
8879		2		12.781000
8880		2		12.707000
8881		2		12.642000
8882		2		12.619000
8883		2		12.528000
8884		2		12.759000
8885		2		12.544000
8886		2		13.243000
8887		2		12.663000
8888		2		12.667000
8889		2		12.698000
8890		2		12.530000
8891		2		12.658000
8892		2		12.659000
8893		2		12.510000
8894		2		13.942000
8895		2		12.637000
8896		2		12.712000
8897		2		12.575000
8898		2		12.503000
8899		2		12.728000
8900		2		12.512000
8901		2		12.727000
8902		2		13.144000
8903		2		13.107000
8904		2		13.374000
8905		2		12.589000
8906		2		13.269000
8907		2		12.618000
8908		2		12.552000
8909		2		13.232000
8910		2		13.658000
8911		2		12.839000
8912		2		12.611000
8913		2		12.674000
8914		2		12.749000
8915		2		12.535000
8916		2		12.859000
8917		2		12.566000
8918		2		14.120000
8919		2		12.648000
8920		2		12.723000
8921		2		12.745000
8922		2		12.539000
8923		2		12.711000
8924		2		12.620000
8925		2		12.517000
8926		2		14.766000
8927		2		12.636000
8928		2		12.568000
8929		2		12.607000
8930		2		12.502000
8931		2		12.811000
8932		2		12.513000
8933		2		13.198000
8934		2		13.775000
8935		2		12.797000
8936		2		12.649000
8937		2		12.527000
8938		2		12.739000
8939		2		12.549000
8940		2		12.679000
8941		2		12.652000
8942		2		13.516000
8943		2		12.906000
8944		2		12.673000
8945		2		12.769000
8946		2		12.649000
8947		2		12.545000
8948		2		12.774000
8949		2		12.545000
