Divisions		Files Generated		Time
1000		11		23.309000
1001		11		23.017000
1002		11		23.523000
1003		11		23.298000
1004		11		22.972000
1005		11		23.131000
1006		11		22.738000
1007		11		23.621000
1008		11		23.226000
1009		11		23.903000
1010		11		22.931000
1011		11		23.743000
1012		11		22.813000
1013		11		23.571000
1014		11		23.197000
1015		11		23.200000
1016		11		23.464000
1017		11		23.710000
1018		11		23.608000
1019		11		22.618000
1020		11		23.121000
1021		11		22.696000
1022		11		22.611000
1023		11		22.506000
1024		10		22.625000
1025		10		22.250000
1026		10		21.719000
1027		10		22.348000
1028		10		22.851000
1029		10		22.815000
1030		10		22.167000
1031		10		23.126000
1032		10		22.349000
1033		10		22.756000
1034		10		22.681000
1035		10		22.832000
1036		10		22.594000
1037		10		22.747000
1038		10		22.519000
1039		10		23.173000
1040		10		22.512000
1041		10		22.576000
1042		10		22.460000
1043		10		23.007000
1044		10		22.399000
1045		10		22.432000
1046		10		22.850000
1047		10		22.792000
1048		10		23.531000
1049		10		23.284000
1050		10		22.412000
1051		10		22.946000
1052		10		23.054000
1053		10		23.277000
1054		10		23.309000
1055		10		23.001000
1056		10		23.090000
1057		10		23.427000
1058		10		23.816000
1059		10		22.653000
1060		10		23.002000
1061		10		23.216000
1062		10		22.696000
1063		10		22.697000
1064		10		23.053000
1065		10		22.566000
1066		10		22.195000
1067		10		23.004000
1068		10		22.990000
1069		10		22.231000
1070		10		23.266000
1071		10		22.875000
1072		10		23.771000
1073		10		23.194000
1074		10		23.371000
1075		10		23.422000
1076		10		23.501000
1077		10		23.363000
1078		10		23.413000
1079		10		23.240000
1080		10		22.945000
1081		10		23.418000
1082		10		23.826000
1083		10		23.826000
1084		10		22.495000
1085		10		23.293000
1086		10		23.199000
1087		10		22.451000
1088		10		22.556000
1089		10		33.451000
1090		10		22.676000
1091		10		22.691000
1092		10		23.333000
1093		10		32.887000
1094		10		23.292000
1095		10		23.111000
1096		10		23.354000
1097		10		32.961000
1098		10		22.518000
1099		10		22.347000
1100		10		22.914000
1101		10		32.869000
1102		10		22.718000
1103		10		22.431000
1104		10		23.271000
1105		10		23.165000
1106		10		23.820000
1107		10		23.117000
1108		10		23.876000
1109		10		24.033000
1110		10		23.628000
1111		10		23.147000
1112		10		23.408000
1113		10		23.404000
1114		10		24.925000
1115		10		22.816000
1116		10		22.781000
1117		10		22.494000
1118		10		23.620000
1119		10		23.402000
1120		10		23.342000
1121		10		23.446000
1122		10		23.932000
1123		10		23.222000
1124		10		23.026000
1125		10		23.402000
1126		10		22.911000
1127		10		24.495000
1128		10		23.282000
1129		10		23.667000
1130		10		23.385000
1131		10		23.767000
1132		10		22.852000
1133		10		23.689000
1134		10		23.256000
1135		10		23.485000
1136		10		23.719000
1137		10		23.234000
1138		9		22.427000
1139		9		22.517000
1140		9		22.296000
1141		9		22.563000
1142		9		22.908000
1143		9		22.945000
1144		9		23.392000
1145		9		22.679000
1146		9		22.920000
1147		9		23.159000
1148		9		23.051000
1149		9		22.417000
1150		9		23.168000
1151		9		23.208000
1152		9		22.379000
1153		9		23.045000
1154		9		23.066000
1155		9		23.046000
1156		9		22.686000
1157		9		23.384000
1158		9		22.865000
1159		9		22.374000
1160		9		22.168000
1161		9		22.733000
1162		9		22.553000
1163		9		22.323000
1164		9		22.505000
1165		9		22.799000
1166		9		23.119000
1167		9		22.879000
1168		9		23.079000
1169		9		23.236000
1170		9		23.112000
1171		9		24.060000
1172		9		23.539000
1173		9		23.469000
1174		9		23.096000
1175		9		24.193000
1176		9		23.228000
1177		9		23.130000
1178		9		23.128000
1179		9		23.505000
1180		9		23.297000
1181		9		23.461000
1182		9		23.303000
1183		9		23.423000
1184		9		24.471000
1185		9		23.805000
1186		9		23.243000
1187		9		23.777000
1188		9		24.605000
1189		9		23.925000
1190		9		23.327000
1191		9		23.861000
1192		9		23.919000
1193		9		23.859000
1194		9		23.236000
1195		9		23.742000
1196		9		24.485000
1197		9		23.579000
1198		9		23.521000
1199		9		23.872000
1200		9		23.838000
1201		9		23.386000
1202		9		23.340000
1203		9		23.279000
1204		9		23.494000
1205		9		24.485000
1206		9		23.307000
1207		9		23.667000
1208		9		23.711000
1209		9		24.178000
1210		9		23.488000
1211		9		23.493000
1212		9		23.595000
1213		9		23.653000
1214		9		24.144000
1215		9		23.650000
1216		9		23.482000
1217		9		23.780000
1218		9		24.095000
1219		9		23.554000
1220		9		23.748000
1221		9		23.752000
1222		9		24.149000
1223		9		23.653000
1224		9		23.757000
1225		9		23.852000
1226		9		24.284000
1227		9		23.739000
1228		9		23.840000
1229		9		23.819000
1230		9		23.721000
1231		9		24.235000
1232		9		23.891000
1233		9		23.922000
1234		9		23.710000
1235		9		24.292000
1236		9		23.952000
1237		9		23.942000
1238		9		23.716000
1239		9		24.376000
1240		9		24.192000
1241		9		23.857000
1242		9		23.750000
1243		9		23.759000
1244		9		23.778000
1245		9		23.903000
1246		9		23.780000
1247		9		23.983000
1248		9		24.400000
1249		9		23.869000
1250		9		23.784000
1251		9		24.359000
1252		9		23.890000
1253		9		23.995000
1254		9		23.839000
1255		9		24.324000
1256		9		24.006000
1257		9		24.025000
1258		9		23.950000
1259		9		24.690000
1260		9		24.568000
1261		9		23.942000
1262		9		24.014000
1263		9		23.908000
1264		9		24.482000
1265		9		24.489000
1266		9		24.480000
1267		9		23.793000
1268		9		24.406000
1269		9		24.401000
1270		9		24.371000
1271		9		23.964000
1272		9		24.236000
1273		9		24.655000
1274		9		24.138000
1275		9		24.086000
1276		9		23.993000
1277		9		24.539000
1278		9		23.790000
1279		9		23.060000
1280		8		20.105000
1281		8		20.811000
1282		8		20.439000
1283		8		20.221000
1284		8		20.401000
1285		8		20.360000
1286		8		20.843000
1287		8		20.254000
1288		8		20.372000
1289		8		20.300000
1290		8		20.452000
1291		8		20.893000
1292		8		20.431000
1293		8		20.442000
1294		8		20.294000
1295		8		20.452000
1296		8		20.987000
1297		8		20.321000
1298		8		20.457000
1299		8		20.472000
1300		8		20.292000
1301		8		20.946000
1302		8		20.485000
1303		8		20.338000
1304		8		20.400000
1305		8		20.430000
1306		8		20.947000
1307		8		20.422000
1308		8		20.389000
1309		8		20.398000
1310		8		20.474000
1311		8		20.838000
1312		8		20.471000
1313		8		20.467000
1314		8		20.389000
1315		8		20.490000
1316		8		21.074000
1317		8		20.453000
1318		8		20.546000
1319		8		20.563000
1320		8		20.409000
1321		8		21.068000
1322		8		20.577000
1323		8		20.410000
1324		8		20.554000
1325		8		20.611000
1326		8		20.943000
1327		8		20.478000
1328		8		20.454000
1329		8		20.755000
1330		8		21.265000
1331		8		20.406000
1332		8		20.920000
1333		8		21.464000
1334		8		20.240000
1335		8		20.871000
1336		8		21.497000
1337		8		20.135000
1338		8		20.843000
1339		8		20.794000
1340		8		20.224000
1341		8		20.782000
1342		8		20.697000
1343		8		22.151000
1344		8		26.226000
1345		8		26.245000
1346		8		26.435000
1347		8		26.262000
1348		8		25.663000
1349		8		26.173000
1350		8		26.159000
1351		8		26.381000
1352		8		26.316000
1353		8		26.383000
1354		8		25.943000
1355		8		25.994000
1356		8		26.207000
1357		8		26.843000
1358		8		26.196000
1359		8		25.706000
1360		8		26.695000
1361		8		26.116000
1362		8		26.124000
1363		8		26.160000
1364		8		26.399000
1365		8		26.151000
1366		8		26.096000
1367		8		26.190000
1368		8		26.675000
1369		8		25.794000
1370		8		25.801000
1371		8		25.871000
1372		8		26.340000
1373		8		25.939000
1374		8		25.913000
1375		8		25.829000
1376		8		25.822000
1377		8		25.835000
1378		8		26.023000
1379		8		26.064000
1380		8		26.466000
1381		8		25.923000
1382		8		25.905000
1383		8		25.943000
1384		8		26.605000
1385		8		25.987000
1386		8		25.816000
1387		8		25.911000
1388		8		26.304000
1389		8		26.094000
1390		8		26.073000
1391		8		25.887000
1392		8		26.290000
1393		8		25.770000
1394		8		25.976000
1395		8		26.003000
1396		8		25.794000
1397		8		25.811000
1398		8		25.803000
1399		8		26.341000
1400		8		25.807000
1401		8		25.880000
1402		8		25.777000
1403		8		26.408000
1404		8		25.805000
1405		8		25.803000
1406		8		26.082000
1407		8		25.697000
1408		8		25.881000
1409		8		25.887000
1410		8		26.036000
1411		8		26.012000
1412		8		25.876000
1413		8		26.137000
1414		8		25.963000
1415		8		25.970000
1416		8		25.897000
1417		8		25.943000
1418		8		25.714000
1419		8		26.357000
1420		8		25.947000
1421		8		26.026000
1422		8		26.046000
1423		8		26.339000
1424		8		25.870000
1425		8		25.871000
1426		8		25.823000
1427		8		26.735000
1428		8		26.141000
1429		8		25.906000
1430		8		25.865000
1431		8		26.574000
1432		8		26.048000
1433		8		26.039000
1434		8		26.450000
1435		8		25.896000
1436		8		25.891000
1437		8		25.896000
1438		8		27.223000
1439		8		26.002000
1440		8		25.773000
1441		8		25.892000
1442		8		26.411000
1443		8		26.097000
1444		8		26.090000
1445		8		25.932000
1446		8		25.917000
1447		8		25.907000
1448		8		25.932000
1449		8		26.651000
1450		8		26.248000
1451		8		25.892000
1452		8		26.042000
1453		8		26.481000
1454		8		26.213000
1455		8		26.143000
1456		8		26.001000
1457		8		26.379000
1458		8		26.011000
1459		8		25.987000
1460		8		26.176000
1461		8		26.511000
1462		8		25.676000
1463		7		25.265000
1464		7		25.325000
1465		7		26.413000
1466		7		25.619000
1467		7		25.266000
1468		7		25.296000
1469		7		25.764000
1470		7		25.315000
1471		7		25.427000
1472		7		25.406000
1473		7		25.776000
1474		7		25.345000
1475		7		25.315000
1476		7		25.567000
1477		7		26.095000
1478		7		25.299000
1479		7		25.293000
1480		7		25.334000
1481		7		26.609000
1482		7		25.612000
1483		7		25.222000
1484		7		25.413000
1485		7		25.850000
1486		7		25.579000
1487		7		25.469000
1488		7		25.207000
1489		7		25.910000
1490		7		25.298000
1491		7		25.536000
1492		7		25.487000
1493		7		25.081000
1494		7		25.321000
1495		7		25.335000
1496		7		25.488000
1497		7		25.491000
1498		7		25.109000
1499		7		25.150000
1500		7		25.096000
1501		7		25.411000
1502		7		25.368000
1503		7		25.288000
1504		7		25.351000
1505		7		26.468000
1506		7		25.670000
1507		7		25.937000
1508		7		25.953000
1509		7		25.141000
1510		7		25.762000
1511		7		25.906000
1512		7		25.550000
1513		7		25.682000
1514		7		25.140000
1515		7		25.608000
1516		7		25.537000
1517		7		25.344000
1518		7		25.296000
1519		7		25.177000
1520		7		25.182000
1521		7		25.196000
1522		7		25.241000
1523		7		25.132000
1524		7		25.252000
1525		7		26.241000
1526		7		25.920000
1527		7		25.962000
1528		7		25.318000
1529		7		25.486000
1530		7		25.835000
1531		7		25.721000
1532		7		33.085000
1533		7		25.387000
1534		7		25.194000
1535		7		25.051000
1536		7		33.465000
1537		7		25.059000
1538		7		25.058000
1539		7		25.096000
1540		7		28.841000
1541		7		25.130000
1542		7		25.138000
1543		7		27.100000
1544		7		26.326000
1545		7		25.504000
1546		7		25.523000
1547		7		30.723000
1548		7		25.521000
1549		7		25.285000
1550		7		25.353000
1551		7		33.447000
1552		7		25.281000
1553		7		25.288000
1554		7		25.318000
1555		7		31.925000
1556		7		25.695000
1557		7		25.337000
1558		7		26.134000
1559		7		25.992000
1560		7		25.358000
1561		7		25.266000
1562		7		27.769000
1563		7		28.405000
1564		7		25.361000
1565		7		25.394000
1566		7		33.059000
1567		7		25.327000
1568		7		25.216000
1569		7		26.158000
1570		7		86.174000
1571		7		27.956000
1572		7		25.559000
1573		7		25.405000
1574		7		25.384000
1575		7		31.432000
1576		7		25.600000
1577		7		25.423000
1578		7		25.366000
1579		7		33.544000
1580		7		25.450000
1581		7		25.384000
1582		7		25.461000
1583		7		30.405000
1584		7		25.496000
1585		7		25.539000
1586		7		28.451000
1587		7		25.871000
1588		7		25.488000
1589		7		25.467000
1590		7		32.350000
1591		7		25.972000
1592		7		25.648000
1593		7		25.558000
1594		7		26.024000
1595		7		25.709000
1596		7		25.591000
1597		7		25.500000
1598		7		25.966000
1599		7		25.470000
1600		7		25.525000
1601		7		25.582000
1602		7		25.963000
1603		7		24.708000
1604		7		23.165000
1605		7		28.541000
1606		7		23.295000
1607		7		23.291000
1608		7		28.070000
1609		7		23.333000
1610		7		30.658000
1611		7		23.062000
1612		7		22.990000
1613		7		22.861000
1614		7		23.418000
1615		7		72.060000
1616		7		23.912000
1617		7		23.530000
1618		7		24.006000
1619		7		58.840000
1620		7		23.471000
1621		7		23.498000
1622		7		24.027000
1623		7		81.987000
1624		7		24.013000
1625		7		23.578000
1626		7		23.869000
1627		7		67.393000
1628		7		23.583000
1629		7		23.418000
1630		7		23.555000
1631		7		22.874000
1632		7		32.871000
1633		7		26.443000
1634		7		23.444000
1635		7		23.655000
1636		7		23.150000
1637		7		25.501000
1638		7		31.293000
1639		7		23.512000
1640		7		23.635000
1641		7		23.138000
1642		7		31.680000
1643		7		24.139000
1644		7		20.889000
1645		7		21.654000
1646		7		22.393000
1647		7		20.679000
1648		7		44.712000
1649		7		20.740000
1650		7		20.687000
1651		7		20.266000
1652		7		20.790000
1653		7		20.829000
1654		7		20.154000
1655		7		20.796000
1656		7		20.258000
1657		7		20.627000
1658		7		20.677000
1659		7		20.117000
1660		7		20.817000
1661		7		20.817000
1662		7		20.276000
1663		7		20.757000
1664		7		20.790000
1665		7		20.111000
1666		7		20.864000
1667		7		20.932000
1668		7		20.130000
1669		7		20.798000
1670		7		20.894000
1671		7		20.241000
1672		7		20.646000
1673		7		20.291000
1674		7		20.417000
1675		7		20.374000
1676		7		20.314000
1677		7		21.025000
1678		7		20.596000
1679		7		20.349000
1680		7		20.436000
1681		7		20.482000
1682		7		20.241000
1683		7		20.523000
1684		7		20.541000
1685		7		20.275000
1686		7		20.544000
1687		7		20.624000
1688		7		20.452000
1689		7		20.599000
1690		7		20.387000
1691		7		20.976000
1692		7		20.886000
1693		7		20.252000
1694		7		21.085000
1695		7		21.041000
1696		7		20.269000
1697		7		20.973000
1698		7		20.997000
1699		7		20.384000
1700		7		21.056000
1701		7		20.999000
1702		7		20.355000
1703		7		21.162000
1704		7		20.981000
1705		7		20.043000
1706		7		20.550000
1707		6		19.759000
1708		6		18.995000
1709		6		19.702000
1710		6		18.996000
1711		6		19.801000
1712		6		19.353000
1713		6		18.990000
1714		6		19.206000
1715		6		19.143000
1716		6		19.019000
1717		6		19.073000
1718		6		19.062000
1719		6		19.265000
1720		6		19.268000
1721		6		19.056000
1722		6		19.108000
1723		6		19.113000
1724		6		19.389000
1725		6		19.277000
1726		6		19.035000
1727		6		19.486000
1728		6		18.898000
1729		6		19.449000
1730		6		19.454000
1731		6		18.956000
1732		6		19.488000
1733		6		19.313000
1734		6		19.105000
1735		6		19.486000
1736		6		19.014000
1737		6		19.514000
1738		6		19.504000
1739		6		19.034000
1740		6		19.391000
1741		6		18.995000
1742		6		19.526000
1743		6		19.551000
1744		6		18.977000
1745		6		19.444000
1746		6		19.000000
1747		6		19.469000
1748		6		19.472000
1749		6		19.124000
1750		6		20.234000
1751		6		19.568000
1752		6		19.092000
1753		6		19.957000
1754		6		19.084000
1755		6		19.588000
1756		6		19.521000
1757		6		19.057000
1758		6		19.450000
1759		6		19.039000
1760		6		19.405000
1761		6		19.422000
1762		6		19.046000
1763		6		19.536000
1764		6		19.449000
1765		6		19.059000
1766		6		19.921000
1767		6		19.008000
1768		6		19.640000
1769		6		19.702000
1770		6		19.086000
1771		6		19.600000
1772		6		19.038000
1773		6		19.686000
1774		6		19.724000
1775		6		19.201000
1776		6		19.643000
1777		6		19.096000
1778		6		19.574000
1779		6		19.606000
1780		6		19.096000
1781		6		19.703000
1782		6		19.647000
1783		6		19.285000
1784		6		19.708000
1785		6		19.110000
1786		6		19.731000
1787		6		19.712000
1788		6		19.090000
1789		6		19.750000
1790		6		19.053000
1791		6		19.727000
1792		6		19.476000
1793		6		18.987000
1794		6		19.616000
1795		6		19.206000
1796		6		19.443000
1797		6		19.555000
1798		6		18.971000
1799		6		19.839000
1800		6		19.827000
1801		6		19.097000
1802		6		20.105000
1803		6		19.040000
1804		6		19.689000
1805		6		19.605000
1806		6		19.011000
1807		6		19.722000
1808		6		19.229000
1809		6		19.540000
1810		6		19.678000
1811		6		19.136000
1812		6		19.797000
1813		6		20.055000
1814		6		19.086000
1815		6		32.660000
1816		6		19.067000
1817		6		20.527000
1818		6		20.262000
1819		6		19.680000
1820		6		19.407000
1821		6		22.895000
1822		6		19.196000
1823		6		19.852000
1824		6		22.195000
1825		6		19.158000
1826		6		19.663000
1827		6		19.252000
1828		6		19.202000
1829		6		19.143000
1830		6		19.320000
1831		6		19.772000
1832		6		19.255000
1833		6		19.173000
1834		6		19.078000
1835		6		19.444000
1836		6		19.326000
1837		6		19.152000
1838		6		19.131000
1839		6		19.097000
1840		6		19.366000
1841		6		19.288000
1842		6		19.077000
1843		6		21.189000
1844		6		21.883000
1845		6		21.693000
1846		6		22.494000
1847		6		22.097000
1848		6		21.899000
1849		6		21.982000
1850		6		21.994000
1851		6		22.498000
1852		6		21.919000
1853		6		21.950000
1854		6		21.926000
1855		6		21.881000
1856		6		21.838000
1857		6		21.968000
1858		6		21.739000
1859		6		21.971000
1860		6		21.927000
1861		6		21.703000
1862		6		22.009000
1863		6		21.982000
1864		6		21.788000
1865		6		21.954000
1866		6		22.037000
1867		6		21.768000
1868		6		22.089000
1869		6		22.523000
1870		6		22.127000
1871		6		21.949000
1872		6		21.900000
1873		6		22.686000
1874		6		22.330000
1875		6		22.754000
1876		6		22.624000
1877		6		22.062000
1878		6		22.318000
1879		6		22.362000
1880		6		22.532000
1881		6		21.782000
1882		6		22.523000
1883		6		22.639000
1884		6		21.932000
1885		6		22.593000
1886		6		22.436000
1887		6		22.551000
1888		6		21.769000
1889		6		22.575000
1890		6		22.593000
1891		6		21.879000
1892		6		22.596000
1893		6		22.562000
1894		6		22.574000
1895		6		21.903000
1896		6		23.966000
1897		6		22.566000
1898		6		21.784000
1899		6		22.563000
1900		6		22.113000
1901		6		21.998000
1902		6		22.087000
1903		6		21.984000
1904		6		22.104000
1905		6		21.852000
1906		6		22.806000
1907		6		22.232000
1908		6		21.805000
1909		6		22.025000
1910		6		22.491000
1911		6		21.903000
1912		6		22.023000
1913		6		22.043000
1914		6		22.018000
1915		6		22.483000
1916		6		21.961000
1917		6		21.985000
1918		6		21.849000
1919		6		22.478000
1920		6		22.351000
1921		6		21.719000
1922		6		22.494000
1923		6		22.464000
1924		6		22.449000
1925		6		21.814000
1926		6		22.442000
1927		6		22.553000
1928		6		21.865000
1929		6		22.137000
1930		6		22.030000
1931		6		21.796000
1932		6		22.019000
1933		6		22.581000
1934		6		22.619000
1935		6		21.948000
1936		6		22.484000
1937		6		22.653000
1938		6		21.918000
1939		6		22.884000
1940		6		22.097000
1941		6		22.864000
1942		6		23.027000
1943		6		22.597000
1944		6		22.507000
1945		6		21.899000
1946		6		22.698000
1947		6		22.477000
1948		6		21.962000
1949		6		22.519000
1950		6		22.578000
1951		6		22.660000
1952		6		21.886000
1953		6		22.882000
1954		6		22.550000
1955		6		21.945000
1956		6		22.290000
1957		6		22.385000
1958		6		22.411000
1959		6		22.058000
1960		6		22.299000
1961		6		22.348000
1962		6		21.986000
1963		6		22.605000
1964		6		22.721000
1965		6		22.178000
1966		6		22.162000
1967		6		22.156000
1968		6		22.481000
1969		6		22.575000
1970		6		22.472000
1971		6		22.579000
1972		6		22.052000
1973		6		22.737000
1974		6		22.491000
1975		6		22.540000
1976		6		22.165000
1977		6		22.546000
1978		6		22.626000
1979		6		22.081000
1980		6		22.530000
1981		6		22.591000
1982		6		22.548000
1983		6		22.149000
1984		6		22.544000
1985		6		22.543000
1986		6		22.090000
1987		6		22.509000
1988		6		22.531000
1989		6		22.516000
1990		6		22.116000
1991		6		22.544000
1992		6		22.672000
1993		6		22.052000
1994		6		22.628000
1995		6		22.591000
1996		6		22.265000
1997		6		22.358000
1998		6		22.486000
1999		6		22.643000
2000		6		22.079000
2001		6		22.583000
2002		6		22.600000
2003		6		22.068000
2004		6		22.595000
2005		6		22.610000
2006		6		22.234000
2007		6		22.149000
2008		6		22.608000
2009		6		22.223000
2010		6		22.049000
2011		6		22.180000
2012		6		22.125000
2013		6		22.500000
2014		6		22.157000
2015		6		22.220000
2016		6		22.397000
2017		6		22.552000
2018		6		22.152000
2019		6		22.104000
2020		6		22.072000
2021		6		22.153000
2022		6		23.216000
2023		6		29.216000
2024		6		29.257000
2025		6		29.187000
2026		6		29.564000
2027		6		29.550000
2028		6		29.598000
2029		6		30.367000
2030		6		30.133000
2031		6		30.009000
2032		6		29.729000
2033		6		29.813000
2034		6		29.421000
2035		6		29.402000
2036		6		29.306000
2037		6		29.704000
2038		6		29.204000
2039		6		29.197000
2040		6		29.573000
2041		6		29.142000
2042		6		29.115000
2043		6		29.627000
2044		6		29.679000
2045		6		29.697000
2046		6		29.375000
2047		6		29.241000
2048		5		28.525000
2049		5		28.411000
2050		5		28.516000
2051		5		27.817000
2052		5		28.325000
2053		5		28.465000
2054		5		28.465000
2055		5		28.534000
2056		5		28.556000
2057		5		28.751000
2058		5		28.753000
2059		5		28.601000
2060		5		28.639000
2061		5		28.694000
2062		5		27.897000
2063		5		29.627000
2064		5		28.735000
2065		5		28.706000
2066		5		28.691000
2067		5		29.087000
2068		5		28.927000
2069		5		28.918000
2070		5		28.696000
2071		5		28.905000
2072		5		29.096000
2073		5		28.182000
2074		5		28.748000
2075		5		28.785000
2076		5		28.735000
2077		5		28.748000
2078		5		28.776000
2079		5		28.873000
2080		5		28.952000
2081		5		28.704000
2082		5		28.743000
2083		5		28.061000
2084		5		28.690000
2085		5		28.909000
2086		5		28.827000
2087		5		28.396000
2088		5		28.244000
2089		5		28.936000
2090		5		28.498000
2091		5		28.283000
2092		5		28.342000
2093		5		28.736000
2094		5		28.307000
2095		5		28.316000
2096		5		28.722000
2097		5		28.380000
2098		5		29.289000
2099		5		29.235000
2100		5		29.598000
2101		5		28.889000
2102		5		28.957000
2103		5		28.947000
2104		5		28.234000
2105		5		28.756000
2106		5		28.968000
2107		5		28.933000
2108		5		28.933000
2109		5		28.997000
2110		5		29.209000
2111		5		29.120000
2112		5		28.935000
2113		5		30.875000
2114		5		28.999000
2115		5		28.355000
2116		5		28.785000
2117		5		29.010000
2118		5		29.054000
2119		5		29.092000
2120		5		28.993000
2121		5		29.116000
2122		5		29.186000
2123		5		29.145000
2124		5		29.209000
2125		5		29.253000
2126		5		28.599000
2127		5		28.901000
2128		5		28.931000
2129		5		29.033000
2130		5		29.066000
2131		5		28.932000
2132		5		28.556000
2133		5		28.617000
2134		5		29.202000
2135		5		29.523000
2136		5		28.987000
2137		5		28.448000
2138		5		28.910000
2139		5		28.936000
2140		5		29.013000
2141		5		29.061000
2142		5		28.909000
2143		5		29.066000
2144		5		29.001000
2145		5		29.496000
2146		5		29.048000
2147		5		29.102000
2148		5		28.350000
2149		5		29.131000
2150		5		29.309000
2151		5		29.242000
2152		5		29.050000
2153		5		29.168000
2154		5		29.168000
2155		5		29.289000
2156		5		29.120000
2157		5		29.190000
2158		5		28.657000
2159		5		28.862000
2160		5		28.726000
2161		5		24.675000
2162		5		24.480000
2163		5		24.458000
2164		5		23.984000
2165		5		24.472000
2166		5		24.496000
2167		5		24.399000
2168		5		24.995000
2169		5		24.272000
2170		5		24.530000
2171		5		24.517000
2172		5		24.410000
2173		5		24.068000
2174		5		24.416000
2175		5		24.819000
2176		5		24.172000
2177		5		24.117000
2178		5		24.502000
2179		5		24.162000
2180		5		24.251000
2181		5		24.210000
2182		5		24.232000
2183		5		24.571000
2184		5		24.276000
2185		5		24.321000
2186		5		24.203000
2187		5		24.721000
2188		5		24.319000
2189		5		24.734000
2190		5		24.561000
2191		5		24.409000
2192		5		24.600000
2193		5		24.610000
2194		5		24.659000
2195		5		24.624000
2196		5		25.082000
2197		5		24.627000
2198		5		24.712000
2199		5		24.750000
2200		5		24.836000
2201		5		24.725000
2202		5		24.786000
2203		5		24.681000
2204		5		24.660000
2205		5		24.756000
2206		5		24.605000
2207		5		24.682000
2208		5		25.008000
2209		5		25.023000
2210		5		24.563000
2211		5		24.670000
2212		5		24.687000
2213		5		24.267000
2214		5		24.696000
2215		5		24.704000
2216		5		24.714000
2217		5		24.535000
2218		5		24.394000
2219		5		24.718000
2220		5		24.708000
2221		5		24.734000
2222		5		24.298000
2223		5		24.709000
2224		5		24.695000
2225		5		24.687000
2226		5		24.340000
2227		5		24.884000
2228		5		24.939000
2229		5		24.730000
2230		5		24.601000
2231		5		24.483000
2232		5		24.934000
2233		5		24.623000
2234		5		24.621000
2235		5		24.611000
2236		5		24.964000
2237		5		24.658000
2238		5		24.633000
2239		5		24.953000
2240		5		24.408000
2241		5		24.911000
2242		5		24.504000
2243		5		24.712000
2244		5		24.609000
2245		5		24.505000
2246		5		24.608000
2247		5		24.724000
2248		5		24.736000
2249		5		24.527000
2250		5		24.605000
2251		5		24.679000
2252		5		24.806000
2253		5		25.095000
2254		5		24.706000
2255		5		24.677000
2256		5		25.119000
2257		5		25.181000
2258		5		24.537000
2259		5		24.769000
2260		5		25.077000
2261		5		24.803000
2262		5		24.833000
2263		5		24.619000
2264		5		25.081000
2265		5		24.731000
2266		5		24.798000
2267		5		24.678000
2268		5		24.697000
2269		5		25.185000
2270		5		24.719000
2271		5		24.644000
2272		5		24.373000
2273		5		25.056000
2274		5		24.672000
2275		5		24.711000
2276		5		24.566000
2277		5		24.737000
2278		5		25.061000
2279		5		25.338000
2280		5		25.302000
2281		5		24.619000
2282		5		25.198000
2283		5		24.759000
2284		5		24.800000
2285		5		24.683000
2286		5		24.924000
2287		5		24.568000
2288		5		24.483000
2289		5		25.065000
2290		5		24.662000
2291		5		24.699000
2292		5		24.696000
2293		5		25.161000
2294		5		24.777000
2295		5		24.560000
2296		5		24.704000
2297		5		24.801000
2298		5		25.186000
2299		5		24.772000
2300		5		24.697000
2301		5		24.767000
2302		5		25.164000
2303		5		24.826000
2304		5		24.490000
2305		5		24.780000
2306		5		25.107000
2307		5		24.853000
2308		5		24.787000
2309		5		24.679000
2310		5		25.276000
2311		5		24.826000
2312		5		24.825000
2313		5		25.083000
2314		5		25.290000
2315		5		24.986000
2316		5		25.012000
2317		5		25.021000
2318		5		24.693000
2319		5		24.846000
2320		5		24.807000
2321		5		25.249000
2322		5		24.993000
2323		5		24.645000
2324		5		24.910000
2325		5		25.265000
2326		5		25.377000
2327		5		24.906000
2328		5		24.822000
2329		5		24.951000
2330		5		25.384000
2331		5		25.034000
2332		5		24.793000
2333		5		24.983000
2334		5		25.341000
2335		5		24.999000
2336		5		24.895000
2337		5		24.770000
2338		5		25.261000
2339		5		24.940000
2340		5		25.317000
2341		5		25.283000
2342		5		25.258000
2343		5		25.312000
2344		5		25.257000
2345		5		24.941000
2346		5		25.282000
2347		5		24.948000
2348		5		24.933000
2349		5		24.868000
2350		5		24.974000
2351		5		24.891000
2352		5		24.926000
2353		5		25.433000
2354		5		25.570000
2355		5		25.508000
2356		5		24.905000
2357		5		25.217000
2358		5		23.462000
2359		5		22.990000
2360		5		22.323000
2361		5		22.981000
2362		5		23.052000
2363		5		22.647000
2364		5		22.812000
2365		5		22.936000
2366		5		22.971000
2367		5		22.322000
2368		5		22.942000
2369		5		22.931000
2370		5		22.430000
2371		5		22.910000
2372		5		22.967000
2373		5		23.060000
2374		5		22.301000
2375		5		23.031000
2376		5		23.002000
2377		5		22.472000
2378		5		22.943000
2379		5		22.993000
2380		5		23.123000
2381		5		22.322000
2382		5		23.062000
2383		5		23.072000
2384		5		22.524000
2385		5		22.927000
2386		5		22.996000
2387		5		23.071000
2388		5		22.420000
2389		5		23.208000
2390		5		23.131000
2391		5		22.736000
2392		5		22.791000
2393		5		23.062000
2394		5		23.209000
2395		5		22.434000
2396		5		23.162000
2397		5		23.226000
2398		5		23.212000
2399		5		22.516000
2400		5		23.262000
2401		5		23.580000
2402		5		22.506000
2403		5		22.960000
2404		5		22.656000
2405		5		22.637000
2406		5		22.962000
2407		5		22.632000
2408		5		22.772000
2409		5		22.453000
2410		5		23.038000
2411		5		22.729000
2412		5		22.666000
2413		5		22.712000
2414		5		22.688000
2415		5		23.018000
2416		5		22.493000
2417		5		22.635000
2418		5		22.687000
2419		5		23.121000
2420		5		22.636000
2421		5		22.794000
2422		5		22.814000
2423		5		22.558000
2424		5		22.711000
2425		5		23.074000
2426		5		22.795000
2427		5		22.548000
2428		5		22.827000
2429		5		23.147000
2430		5		22.618000
2431		5		22.624000
2432		5		22.744000
2433		5		23.093000
2434		5		22.513000
2435		5		22.747000
2436		5		22.665000
2437		5		22.646000
2438		5		22.738000
2439		5		22.681000
2440		5		22.830000
2441		5		22.875000
2442		5		22.819000
2443		5		22.850000
2444		5		22.688000
2445		5		22.773000
2446		5		23.131000
2447		5		22.866000
2448		5		22.560000
2449		5		22.757000
2450		5		22.771000
2451		5		23.158000
2452		5		22.726000
2453		5		22.796000
2454		5		22.886000
2455		5		22.754000
2456		5		23.287000
2457		5		22.820000
2458		5		22.768000
2459		5		22.883000
2460		5		23.135000
2461		5		22.958000
2462		5		22.587000
2463		5		22.843000
2464		5		22.870000
2465		5		23.254000
2466		5		22.650000
2467		5		22.844000
2468		5		23.698000
2469		5		22.835000
2470		5		23.275000
2471		5		23.184000
2472		5		23.521000
2473		5		22.648000
2474		5		23.373000
2475		5		23.305000
2476		5		23.261000
2477		5		22.722000
2478		5		23.215000
2479		5		22.817000
2480		5		22.767000
2481		5		22.904000
2482		5		23.314000
2483		5		22.877000
2484		5		22.753000
2485		5		23.059000
2486		5		22.951000
2487		5		23.313000
2488		5		22.889000
2489		5		22.876000
2490		5		22.965000
2491		5		22.631000
2492		5		22.993000
2493		5		23.025000
2494		5		24.040000
2495		5		25.807000
2496		5		25.526000
2497		5		25.500000
2498		5		25.700000
2499		5		26.052000
2500		5		25.426000
2501		5		25.824000
2502		5		26.006000
2503		5		25.723000
2504		5		25.656000
2505		5		25.476000
2506		5		25.961000
2507		5		25.910000
2508		5		26.113000
2509		5		26.224000
2510		5		26.243000
2511		5		25.426000
2512		5		26.131000
2513		5		26.162000
2514		5		26.274000
2515		5		26.618000
2516		5		25.702000
2517		5		25.704000
2518		5		26.259000
2519		5		25.997000
2520		5		25.722000
2521		5		25.751000
2522		5		25.534000
2523		5		26.049000
2524		5		25.663000
2525		5		25.657000
2526		5		25.796000
2527		5		26.082000
2528		5		25.499000
2529		5		26.328000
2530		5		26.204000
2531		5		26.243000
2532		5		26.295000
2533		5		26.159000
2534		5		25.486000
2535		5		26.300000
2536		5		26.092000
2537		5		26.581000
2538		5		26.854000
2539		5		25.989000
2540		5		25.629000
2541		5		25.678000
2542		5		26.193000
2543		5		26.263000
2544		5		26.328000
2545		5		25.582000
2546		5		26.032000
2547		5		26.181000
2548		5		26.061000
2549		5		25.978000
2550		5		26.203000
2551		5		25.551000
2552		5		25.639000
2553		5		26.270000
2554		5		26.098000
2555		5		25.846000
2556		5		25.920000
2557		5		24.289000
2558		5		24.906000
2559		5		23.952000
2560		4		20.984000
2561		4		20.950000
2562		4		21.417000
2563		4		21.028000
2564		4		20.793000
2565		4		21.080000
2566		4		20.956000
2567		4		21.175000
2568		4		21.039000
2569		4		21.109000
2570		4		20.898000
2571		4		21.144000
2572		4		20.874000
2573		4		20.894000
2574		4		21.078000
2575		4		20.791000
2576		4		21.059000
2577		4		21.495000
2578		4		20.798000
2579		4		21.246000
2580		4		21.168000
2581		4		20.764000
2582		4		21.136000
2583		4		20.975000
2584		4		20.752000
2585		4		21.725000
2586		4		21.452000
2587		4		21.031000
2588		4		21.287000
2589		4		21.953000
2590		4		21.126000
2591		4		21.419000
2592		4		21.614000
2593		4		21.382000
2594		4		20.912000
2595		4		21.505000
2596		4		21.270000
2597		4		20.880000
2598		4		21.654000
2599		4		20.910000
2600		4		20.713000
2601		4		21.036000
2602		4		20.938000
2603		4		20.964000
2604		4		21.003000
2605		4		20.843000
2606		4		20.959000
2607		4		20.981000
2608		4		21.194000
2609		4		20.981000
2610		4		21.180000
2611		4		20.825000
2612		4		21.641000
2613		4		35.506000
2614		4		20.981000
2615		4		21.158000
2616		4		20.881000
2617		4		21.522000
2618		4		21.220000
2619		4		20.924000
2620		4		21.139000
2621		4		21.138000
2622		4		21.186000
2623		4		21.171000
2624		4		21.659000
2625		4		21.026000
2626		4		21.767000
2627		4		21.700000
2628		4		20.803000
2629		4		21.742000
2630		4		21.665000
2631		4		20.851000
2632		4		21.240000
2633		4		21.652000
2634		4		20.863000
2635		4		21.266000
2636		4		21.548000
2637		4		20.877000
2638		4		21.502000
2639		4		21.209000
2640		4		20.829000
2641		4		21.287000
2642		4		21.201000
2643		4		20.944000
2644		4		21.326000
2645		4		21.159000
2646		4		20.904000
2647		4		21.130000
2648		4		20.974000
2649		4		20.826000
2650		4		21.102000
2651		4		21.210000
2652		4		20.919000
2653		4		21.401000
2654		4		21.127000
2655		4		20.892000
2656		4		21.057000
2657		4		21.238000
2658		4		21.060000
2659		4		21.814000
2660		4		25.337000
2661		4		20.812000
2662		4		21.361000
2663		4		28.056000
2664		4		32.901000
2665		4		21.441000
2666		4		69.238000
2667		4		21.014000
2668		4		21.639000
2669		4		21.162000
2670		4		63.937000
2671		4		21.903000
2672		4		21.387000
2673		4		21.482000
2674		4		21.310000
2675		4		21.269000
2676		4		41.599000
2677		4		21.352000
2678		4		20.672000
2679		4		67.618000
2680		4		20.768000
2681		4		21.471000
2682		4		36.794000
2683		4		20.800000
2684		4		31.081000
2685		4		34.689000
2686		4		20.816000
2687		4		22.310000
2688		4		36.204000
2689		4		21.128000
2690		4		20.621000
2691		4		34.402000
2692		4		21.017000
2693		4		22.091000
2694		4		25.101000
2695		4		21.123000
2696		4		21.000000
2697		4		27.560000
2698		4		20.727000
2699		4		21.147000
2700		4		21.442000
2701		4		20.647000
2702		4		22.496000
2703		4		20.807000
2704		4		23.375000
2705		4		24.029000
2706		4		21.124000
2707		4		64.021000
2708		4		20.733000
2709		4		21.229000
2710		4		18.632000
2711		4		19.027000
2712		4		18.539000
2713		4		19.074000
2714		4		19.025000
2715		4		18.628000
2716		4		18.976000
2717		4		18.545000
2718		4		19.069000
2719		4		19.007000
2720		4		18.563000
2721		4		19.052000
2722		4		18.572000
2723		4		19.067000
2724		4		19.056000
2725		4		18.618000
2726		4		19.043000
2727		4		18.572000
2728		4		18.965000
2729		4		19.086000
2730		4		18.694000
2731		4		19.044000
2732		4		18.597000
2733		4		19.105000
2734		4		19.036000
2735		4		18.706000
2736		4		19.128000
2737		4		18.587000
2738		4		19.161000
2739		4		19.030000
2740		4		18.647000
2741		4		19.070000
2742		4		18.700000
2743		4		19.118000
2744		4		19.036000
2745		4		18.767000
2746		4		19.063000
2747		4		18.643000
2748		4		19.083000
2749		4		18.625000
2750		4		19.142000
2751		4		19.046000
2752		4		18.597000
2753		4		19.087000
2754		4		18.570000
2755		4		19.080000
2756		4		19.019000
2757		4		18.635000
2758		4		19.043000
2759		4		18.606000
2760		4		19.132000
2761		4		19.053000
2762		4		18.630000
2763		4		19.228000
2764		4		18.644000
2765		4		18.808000
2766		4		19.084000
2767		4		18.725000
2768		4		19.407000
2769		4		18.655000
2770		4		19.274000
2771		4		19.134000
2772		4		18.593000
2773		4		19.291000
2774		4		18.569000
2775		4		19.294000
2776		4		19.178000
2777		4		18.607000
2778		4		19.236000
2779		4		18.694000
2780		4		19.263000
2781		4		19.206000
2782		4		18.634000
2783		4		19.340000
2784		4		18.710000
2785		4		19.242000
2786		4		18.924000
2787		4		18.803000
2788		4		19.160000
2789		4		18.649000
2790		4		19.007000
2791		4		19.022000
2792		4		18.642000
2793		4		18.999000
2794		4		18.571000
2795		4		19.134000
2796		4		18.949000
2797		4		18.669000
2798		4		18.983000
2799		4		18.549000
2800		4		19.034000
2801		4		18.591000
2802		4		19.092000
2803		4		19.047000
2804		4		18.575000
2805		4		19.109000
2806		4		18.551000
2807		4		19.024000
2808		4		18.990000
2809		4		18.567000
2810		4		18.999000
2811		4		18.588000
2812		4		19.054000
2813		4		18.999000
2814		4		18.504000
2815		4		19.039000
2816		4		18.559000
2817		4		19.544000
2818		4		19.065000
2819		4		18.573000
2820		4		19.095000
2821		4		18.593000
2822		4		19.274000
2823		4		19.188000
2824		4		18.555000
2825		4		19.348000
2826		4		18.594000
2827		4		19.271000
2828		4		19.176000
2829		4		18.613000
2830		4		19.300000
2831		4		18.563000
2832		4		19.324000
2833		4		19.174000
2834		4		18.686000
2835		4		19.285000
2836		4		18.617000
2837		4		19.314000
2838		4		19.343000
2839		4		18.702000
2840		4		19.370000
2841		4		18.626000
2842		4		19.382000
2843		4		18.806000
2844		4		18.755000
2845		4		18.790000
2846		4		19.119000
2847		4		18.945000
2848		4		18.839000
2849		4		18.723000
2850		4		18.780000
2851		4		19.029000
2852		4		18.902000
2853		4		18.879000
2854		4		19.366000
2855		4		19.278000
2856		4		18.628000
2857		4		19.348000
2858		4		20.173000
2859		4		20.893000
2860		4		21.617000
2861		4		21.551000
2862		4		20.817000
2863		4		21.672000
2864		4		21.523000
2865		4		20.785000
2866		4		21.558000
2867		4		21.606000
2868		4		20.985000
2869		4		21.611000
2870		4		21.675000
2871		4		21.205000
2872		4		21.650000
2873		4		21.664000
2874		4		20.758000
2875		4		21.571000
2876		4		21.537000
2877		4		26.288000
2878		4		20.997000
2879		4		21.381000
2880		4		21.243000
2881		4		21.019000
2882		4		21.281000
2883		4		21.062000
2884		4		20.925000
2885		4		21.385000
2886		4		21.120000
2887		4		20.973000
2888		4		21.134000
2889		4		21.013000
2890		4		20.898000
2891		4		21.094000
2892		4		20.910000
2893		4		21.131000
2894		4		20.995000
2895		4		21.246000
2896		4		21.235000
2897		4		21.208000
2898		4		20.930000
2899		4		21.038000
2900		4		21.060000
2901		4		20.905000
2902		4		21.129000
2903		4		21.417000
2904		4		20.865000
2905		4		21.402000
2906		4		21.520000
2907		4		20.847000
2908		4		21.354000
2909		4		21.957000
2910		4		20.868000
2911		4		21.590000
2912		4		21.523000
2913		4		20.861000
2914		4		21.710000
2915		4		21.364000
2916		4		20.927000
2917		4		21.018000
2918		4		21.020000
2919		4		20.946000
2920		4		21.388000
2921		4		21.039000
2922		4		20.920000
2923		4		21.092000
2924		4		21.041000
2925		4		21.334000
2926		4		21.037000
2927		4		21.058000
2928		4		20.872000
2929		4		21.085000
2930		4		21.356000
2931		4		20.920000
2932		4		21.066000
2933		4		20.998000
2934		4		21.312000
2935		4		21.080000
2936		4		21.099000
2937		4		20.940000
2938		4		21.032000
2939		4		21.389000
2940		4		20.990000
2941		4		21.190000
2942		4		21.102000
2943		4		20.983000
2944		4		21.179000
2945		4		21.152000
2946		4		20.979000
2947		4		21.467000
2948		4		21.151000
2949		4		21.024000
2950		4		21.162000
2951		4		21.040000
2952		4		20.906000
2953		4		21.202000
2954		4		20.887000
2955		4		21.990000
2956		4		21.694000
2957		4		22.470000
2958		4		21.447000
2959		4		21.733000
2960		4		21.643000
2961		4		20.956000
2962		4		21.659000
2963		4		21.728000
2964		4		20.879000
2965		4		21.763000
2966		4		21.572000
2967		4		20.873000
2968		4		21.654000
2969		4		21.296000
2970		4		20.821000
2971		4		21.287000
2972		4		21.214000
2973		4		20.904000
2974		4		21.293000
2975		4		21.212000
2976		4		20.844000
2977		4		21.284000
2978		4		21.350000
2979		4		20.853000
2980		4		21.257000
2981		4		21.125000
2982		4		20.985000
2983		4		20.877000
2984		4		20.842000
2985		4		20.756000
2986		4		20.877000
2987		4		20.853000
2988		4		20.743000
2989		4		20.914000
2990		4		20.708000
2991		4		20.868000
2992		4		21.406000
2993		4		20.717000
2994		4		21.479000
2995		4		21.454000
2996		4		20.953000
2997		4		21.043000
2998		4		21.009000
2999		4		20.832000
3000		4		21.432000
3001		4		21.325000
3002		4		20.954000
3003		4		20.858000
3004		4		21.009000
3005		4		20.798000
3006		4		21.334000
3007		4		20.796000
3008		4		20.613000
3009		4		20.891000
3010		4		21.248000
3011		4		20.814000
3012		4		21.342000
3013		4		20.962000
3014		4		21.280000
3015		4		21.095000
3016		4		21.143000
3017		4		20.875000
3018		4		21.095000
3019		4		21.392000
3020		4		20.902000
3021		4		21.125000
3022		4		21.005000
3023		4		20.931000
3024		4		21.396000
3025		4		21.050000
3026		4		20.835000
3027		4		21.086000
3028		4		21.000000
3029		4		21.175000
3030		4		21.042000
3031		4		21.051000
3032		4		20.819000
3033		4		21.060000
3034		4		20.868000
3035		4		20.848000
3036		4		20.929000
3037		4		20.872000
3038		4		20.801000
3039		4		21.445000
3040		4		20.824000
3041		4		21.276000
3042		4		21.498000
3043		4		21.252000
3044		4		21.310000
3045		4		21.517000
3046		4		20.878000
3047		4		21.284000
3048		4		21.465000
3049		4		20.931000
3050		4		21.278000
3051		4		21.566000
3052		4		20.911000
3053		4		21.260000
3054		4		21.551000
3055		4		20.865000
3056		4		21.221000
3057		4		21.507000
3058		4		20.864000
3059		4		21.312000
3060		4		21.488000
3061		4		20.897000
3062		4		21.222000
3063		4		21.458000
3064		4		20.902000
3065		4		21.211000
3066		4		21.455000
3067		4		20.800000
3068		4		21.201000
3069		4		21.513000
3070		4		20.800000
3071		4		21.258000
3072		4		21.345000
3073		4		20.833000
3074		4		21.172000
3075		4		21.394000
3076		4		20.845000
3077		4		21.114000
3078		4		21.274000
3079		4		20.628000
3080		4		21.079000
3081		4		21.061000
3082		4		20.620000
3083		4		21.132000
3084		4		21.118000
3085		4		20.607000
3086		4		22.633000
3087		4		20.993000
3088		4		20.662000
3089		4		21.121000
3090		4		21.093000
3091		4		20.636000
3092		4		21.137000
3093		4		21.089000
3094		4		20.695000
3095		4		21.079000
3096		4		21.161000
3097		4		20.734000
3098		4		21.190000
3099		4		21.177000
3100		4		20.689000
3101		4		21.136000
3102		4		20.371000
3103		4		18.546000
3104		4		18.762000
3105		4		18.507000
3106		4		18.794000
3107		4		18.704000
3108		4		18.584000
3109		4		18.805000
3110		4		18.547000
3111		4		18.840000
3112		4		18.685000
3113		4		18.690000
3114		4		18.921000
3115		4		18.604000
3116		4		18.918000
3117		4		19.063000
3118		4		18.707000
3119		4		19.019000
3120		4		18.730000
3121		4		18.910000
3122		4		19.196000
3123		4		18.721000
3124		4		19.006000
3125		4		18.653000
3126		4		18.965000
3127		4		19.244000
3128		4		18.764000
3129		4		19.546000
3130		4		18.619000
3131		4		19.470000
3132		4		19.121000
3133		4		18.696000
3134		4		19.512000
3135		4		18.556000
3136		4		19.418000
3137		4		19.322000
3138		4		18.668000
3139		4		19.375000
3140		4		18.671000
3141		4		19.399000
3142		4		19.305000
3143		4		18.681000
3144		4		19.459000
3145		4		18.815000
3146		4		19.330000
3147		4		19.248000
3148		4		18.648000
3149		4		19.428000
3150		4		18.660000
3151		4		19.384000
3152		4		19.255000
3153		4		18.684000
3154		4		19.438000
3155		4		18.632000
3156		4		19.438000
3157		4		19.247000
3158		4		18.671000
3159		4		19.437000
3160		4		18.659000
3161		4		19.404000
3162		4		19.231000
3163		4		18.660000
3164		4		19.370000
3165		4		18.692000
3166		4		19.441000
3167		4		19.160000
3168		4		18.597000
3169		4		19.366000
3170		4		18.586000
3171		4		19.436000
3172		4		19.223000
3173		4		18.981000
3174		4		18.910000
3175		4		18.686000
3176		4		18.926000
3177		4		19.248000
3178		4		18.758000
3179		4		18.997000
3180		4		18.655000
3181		4		18.962000
3182		4		19.235000
3183		4		18.689000
3184		4		18.924000
3185		4		18.573000
3186		4		18.835000
3187		4		18.614000
3188		4		18.671000
3189		4		18.662000
3190		4		18.542000
3191		4		18.815000
3192		4		18.751000
3193		4		18.675000
3194		4		18.639000
3195		4		18.510000
3196		4		18.795000
3197		4		18.549000
3198		4		18.800000
3199		4		18.605000
3200		4		18.448000
3201		4		18.698000
3202		4		18.495000
3203		4		18.832000
3204		4		18.700000
3205		4		18.587000
3206		4		18.895000
3207		4		18.948000
3208		4		18.883000
3209		4		18.778000
3210		4		18.643000
3211		4		18.933000
3212		4		18.557000
3213		4		18.835000
3214		4		18.590000
3215		4		18.574000
3216		4		18.606000
3217		4		18.497000
3218		4		18.775000
3219		4		18.758000
3220		4		18.640000
3221		4		18.715000
3222		4		18.563000
3223		4		18.819000
3224		4		18.743000
3225		4		18.822000
3226		4		18.855000
3227		4		18.655000
3228		4		18.941000
3229		4		19.049000
3230		4		18.918000
3231		4		18.788000
3232		4		18.635000
3233		4		18.889000
3234		4		18.967000
3235		4		18.908000
3236		4		18.780000
3237		4		18.696000
3238		4		18.952000
3239		4		18.705000
3240		4		19.156000
3241		4		18.793000
3242		4		18.706000
3243		4		18.770000
3244		4		18.670000
3245		4		19.216000
3246		4		18.784000
3247		4		18.839000
3248		4		19.244000
3249		4		18.573000
3250		4		19.307000
3251		4		19.062000
3252		4		18.841000
3253		4		20.530000
3254		4		20.916000
3255		4		21.348000
3256		4		21.838000
3257		4		20.964000
3258		4		21.332000
3259		4		21.455000
3260		4		20.763000
3261		4		21.370000
3262		4		21.905000
3263		4		20.831000
3264		4		21.232000
3265		4		21.420000
3266		4		20.772000
3267		4		21.240000
3268		4		21.188000
3269		4		20.699000
3270		4		21.184000
3271		4		21.184000
3272		4		20.699000
3273		4		21.162000
3274		4		21.122000
3275		4		20.697000
3276		4		21.272000
3277		4		21.137000
3278		4		20.758000
3279		4		21.106000
3280		4		21.162000
3281		4		20.733000
3282		4		21.163000
3283		4		21.121000
3284		4		20.678000
3285		4		21.116000
3286		4		21.261000
3287		4		20.700000
3288		4		21.137000
3289		4		21.105000
3290		4		20.735000
3291		4		21.163000
3292		4		21.156000
3293		4		20.668000
3294		4		21.143000
3295		4		21.193000
3296		4		20.662000
3297		4		21.281000
3298		4		21.143000
3299		4		20.722000
3300		4		21.213000
3301		4		21.139000
3302		4		20.721000
3303		4		21.120000
3304		4		21.083000
3305		4		20.779000
3306		4		21.182000
3307		4		21.117000
3308		4		20.668000
3309		4		21.692000
3310		4		21.169000
3311		4		20.667000
3312		4		21.096000
3313		4		21.134000
3314		4		20.698000
3315		4		21.195000
3316		4		20.945000
3317		4		20.827000
3318		4		21.058000
3319		4		20.925000
3320		4		20.880000
3321		4		21.098000
3322		4		20.756000
3323		4		20.730000
3324		4		20.940000
3325		4		20.606000
3326		4		20.754000
3327		4		20.664000
3328		4		20.494000
3329		4		20.742000
3330		4		20.715000
3331		4		20.597000
3332		4		21.118000
3333		4		21.206000
3334		4		20.732000
3335		4		21.152000
3336		4		21.202000
3337		4		20.633000
3338		4		21.508000
3339		4		21.136000
3340		4		20.689000
3341		4		21.295000
3342		4		21.165000
3343		4		20.708000
3344		4		21.109000
3345		4		21.148000
3346		4		20.734000
3347		4		21.276000
3348		4		21.116000
3349		4		20.862000
3350		4		21.265000
3351		4		20.691000
3352		4		21.217000
3353		4		21.256000
3354		4		20.695000
3355		4		21.288000
3356		4		21.254000
3357		4		20.726000
3358		4		21.282000
3359		4		21.222000
3360		4		20.661000
3361		4		21.180000
3362		4		21.265000
3363		4		20.770000
3364		4		21.281000
3365		4		21.256000
3366		4		20.722000
3367		4		21.334000
3368		4		21.259000
3369		4		20.724000
3370		4		21.221000
3371		4		21.271000
3372		4		20.771000
3373		4		21.231000
3374		4		21.256000
3375		4		20.756000
3376		4		21.193000
3377		4		21.279000
3378		4		20.721000
3379		4		21.315000
3380		4		21.295000
3381		4		20.764000
3382		4		21.323000
3383		4		21.221000
3384		4		20.783000
3385		4		21.201000
3386		4		21.181000
3387		4		20.819000
3388		4		21.251000
3389		4		21.195000
3390		4		20.853000
3391		4		21.313000
3392		4		20.621000
3393		4		21.273000
3394		4		21.128000
3395		4		20.678000
3396		4		21.298000
3397		4		21.272000
3398		4		20.740000
3399		4		21.579000
3400		4		20.936000
3401		4		20.832000
3402		4		20.895000
3403		4		21.001000
3404		4		20.826000
3405		4		21.014000
3406		4		21.334000
3407		4		20.666000
3408		4		20.882000
3409		4		20.590000
3410		4		20.380000
3411		4		21.468000
3412		4		20.871000
3413		4		19.951000
3414		3		19.963000
3415		3		19.083000
3416		3		19.959000
3417		3		19.782000
3418		3		19.130000
3419		3		19.939000
3420		3		19.398000
3421		3		19.722000
3422		3		19.936000
3423		3		19.093000
3424		3		19.815000
3425		3		19.747000
3426		3		19.142000
3427		3		20.029000
3428		3		19.038000
3429		3		19.347000
3430		3		19.204000
3431		3		19.155000
3432		3		19.365000
3433		3		19.292000
3434		3		19.251000
3435		3		19.780000
3436		3		19.158000
3437		3		19.459000
3438		3		19.216000
3439		3		19.220000
3440		3		19.637000
3441		3		19.127000
3442		3		19.407000
3443		3		19.321000
3444		3		19.102000
3445		3		19.402000
3446		3		19.167000
3447		3		19.655000
3448		3		19.733000
3449		3		19.147000
3450		3		19.880000
3451		3		19.308000
3452		3		19.660000
3453		3		19.857000
3454		3		19.081000
3455		3		20.093000
3456		3		19.584000
3457		3		19.015000
3458		3		19.912000
3459		3		19.162000
3460		3		19.803000
3461		3		19.287000
3462		3		19.187000
3463		3		19.922000
3464		3		19.251000
3465		3		19.698000
3466		3		20.196000
3467		3		19.221000
3468		3		19.836000
3469		3		19.757000
3470		3		19.144000
3471		3		20.110000
3472		3		19.125000
3473		3		19.997000
3474		3		19.784000
3475		3		20.875000
3476		3		19.902000
3477		3		20.042000
3478		3		19.320000
3479		3		20.027000
3480		3		19.082000
3481		3		20.375000
3482		3		19.859000
3483		3		19.265000
3484		3		20.023000
3485		3		19.470000
3486		3		19.640000
3487		3		19.942000
3488		3		19.126000
3489		3		19.511000
3490		3		19.386000
3491		3		19.536000
3492		3		19.501000
3493		3		19.250000
3494		3		19.531000
3495		3		19.371000
3496		3		19.240000
3497		3		19.816000
3498		3		19.743000
3499		3		19.467000
3500		3		19.794000
3501		3		19.212000
3502		3		19.804000
3503		3		19.661000
3504		3		19.329000
3505		3		19.710000
3506		3		19.214000
3507		3		20.050000
3508		3		19.684000
3509		3		19.234000
3510		3		19.829000
3511		3		19.350000
3512		3		19.516000
3513		3		19.722000
3514		3		19.218000
3515		3		19.673000
3516		3		19.657000
3517		3		19.604000
3518		3		19.335000
3519		3		19.205000
3520		3		19.270000
3521		3		19.322000
3522		3		19.197000
3523		3		19.694000
3524		3		19.174000
3525		3		19.492000
3526		3		19.351000
3527		3		19.198000
3528		3		19.646000
3529		3		19.428000
3530		3		19.367000
3531		3		19.534000
3532		3		19.257000
3533		3		19.766000
3534		3		19.625000
3535		3		19.250000
3536		3		19.766000
3537		3		19.175000
3538		3		19.702000
3539		3		19.681000
3540		3		19.235000
3541		3		19.804000
3542		3		19.347000
3543		3		19.846000
3544		3		19.704000
3545		3		19.203000
3546		3		19.665000
3547		3		19.701000
3548		3		19.260000
3549		3		19.766000
3550		3		19.165000
3551		3		19.798000
3552		3		19.586000
3553		3		19.162000
3554		3		19.707000
3555		3		19.181000
3556		3		19.719000
3557		3		19.705000
3558		3		19.162000
3559		3		19.697000
3560		3		19.506000
3561		3		19.486000
3562		3		19.422000
3563		3		19.212000
3564		3		19.686000
3565		3		19.308000
3566		3		19.266000
3567		3		19.419000
3568		3		19.162000
3569		3		19.640000
3570		3		19.274000
3571		3		19.745000
3572		3		19.901000
3573		3		19.349000
3574		3		20.085000
3575		3		19.911000
3576		3		19.240000
3577		3		19.903000
3578		3		19.821000
3579		3		19.461000
3580		3		19.899000
3581		3		19.105000
3582		3		19.770000
3583		3		19.678000
3584		3		19.060000
3585		3		20.211000
3586		3		19.886000
3587		3		19.223000
3588		3		19.789000
3589		3		19.011000
3590		3		19.901000
3591		3		19.815000
3592		3		19.173000
3593		3		19.831000
3594		3		19.152000
3595		3		20.200000
3596		3		19.854000
3597		3		19.248000
3598		3		19.898000
3599		3		19.954000
3600		3		19.508000
3601		3		20.002000
3602		3		19.146000
3603		3		19.965000
3604		3		19.814000
3605		3		19.254000
3606		3		20.132000
3607		3		20.109000
3608		3		19.263000
3609		3		20.031000
3610		3		19.184000
3611		3		20.007000
3612		3		19.983000
3613		3		19.346000
3614		3		20.015000
3615		3		20.395000
3616		3		19.262000
3617		3		20.107000
3618		3		19.535000
3619		3		19.771000
3620		3		20.082000
3621		3		19.224000
3622		3		19.867000
3623		3		19.771000
3624		3		19.329000
3625		3		19.791000
3626		3		19.601000
3627		3		19.435000
3628		3		19.400000
3629		3		19.297000
3630		3		19.433000
3631		3		19.585000
3632		3		19.404000
3633		3		19.443000
3634		3		19.319000
3635		3		19.444000
3636		3		19.678000
3637		3		19.412000
3638		3		19.483000
3639		3		19.323000
3640		3		19.502000
3641		3		19.729000
3642		3		19.306000
3643		3		19.740000
3644		3		19.246000
3645		3		19.645000
3646		3		19.635000
3647		3		19.215000
3648		3		19.745000
3649		3		19.566000
3650		3		19.491000
3651		3		19.744000
3652		3		19.577000
3653		3		19.806000
3654		3		19.692000
3655		3		19.356000
3656		3		19.604000
3657		3		19.556000
3658		3		19.418000
3659		3		19.419000
3660		3		19.292000
3661		3		19.417000
3662		3		19.301000
3663		3		19.668000
3664		3		19.384000
3665		3		19.294000
3666		3		19.380000
3667		3		19.335000
3668		3		19.328000
3669		3		19.737000
3670		3		19.304000
3671		3		19.421000
3672		3		19.357000
3673		3		19.266000
3674		3		20.061000
3675		3		19.330000
3676		3		19.403000
3677		3		19.351000
3678		3		19.287000
3679		3		19.984000
3680		3		19.571000
3681		3		19.442000
3682		3		19.694000
3683		3		19.289000
3684		3		19.984000
3685		3		19.711000
3686		3		19.358000
3687		3		19.692000
3688		3		19.293000
3689		3		19.970000
3690		3		19.748000
3691		3		19.320000
3692		3		19.408000
3693		3		19.365000
3694		3		19.660000
3695		3		19.410000
3696		3		19.264000
3697		3		19.384000
3698		3		19.346000
3699		3		19.311000
3700		3		19.634000
3701		3		19.316000
3702		3		19.380000
3703		3		19.344000
3704		3		19.262000
3705		3		19.797000
3706		3		19.482000
3707		3		19.421000
3708		3		19.277000
3709		3		19.192000
3710		3		19.516000
3711		3		19.457000
3712		3		19.345000
3713		3		19.470000
3714		3		19.541000
3715		3		19.582000
3716		3		19.348000
3717		3		19.270000
3718		3		19.528000
3719		3		19.562000
3720		3		19.531000
3721		3		19.369000
3722		3		19.292000
3723		3		19.521000
3724		3		19.757000
3725		3		19.385000
3726		3		19.509000
3727		3		19.272000
3728		3		19.504000
3729		3		19.391000
3730		3		19.716000
3731		3		20.086000
3732		3		19.320000
3733		3		20.136000
3734		3		19.877000
3735		3		19.290000
3736		3		20.117000
3737		3		20.371000
3738		3		19.329000
3739		3		19.903000
3740		3		19.262000
3741		3		20.165000
3742		3		19.902000
3743		3		19.256000
3744		3		20.052000
3745		3		20.156000
3746		3		19.389000
3747		3		19.931000
3748		3		19.241000
3749		3		20.012000
3750		3		19.889000
3751		3		19.294000
3752		3		20.016000
3753		3		20.031000
3754		3		19.318000
3755		3		20.057000
3756		3		19.351000
3757		3		20.131000
3758		3		19.947000
3759		3		19.289000
3760		3		19.885000
3761		3		20.022000
3762		3		19.408000
3763		3		20.013000
3764		3		19.291000
3765		3		19.908000
3766		3		20.022000
3767		3		19.317000
3768		3		20.005000
3769		3		20.074000
3770		3		19.400000
3771		3		19.975000
3772		3		19.429000
3773		3		19.848000
3774		3		20.025000
3775		3		19.259000
3776		3		19.865000
3777		3		20.030000
3778		3		19.348000
3779		3		19.988000
3780		3		19.243000
3781		3		21.256000
3782		3		19.882000
3783		3		19.295000
3784		3		19.543000
3785		3		19.374000
3786		3		19.664000
3787		3		19.539000
3788		3		19.302000
3789		3		19.946000
3790		3		19.936000
3791		3		19.674000
3792		3		20.075000
3793		3		20.047000
3794		3		19.414000
3795		3		19.862000
3796		3		19.321000
3797		3		19.917000
3798		3		20.015000
3799		3		20.090000
3800		3		20.162000
3801		3		21.312000
3802		3		20.169000
3803		3		20.148000
3804		3		19.966000
3805		3		19.978000
3806		3		20.594000
3807		3		19.998000
3808		3		19.746000
3809		3		19.745000
3810		3		19.512000
3811		3		19.850000
3812		3		20.380000
3813		3		19.600000
3814		3		19.886000
3815		3		19.683000
3816		3		20.071000
3817		3		20.672000
3818		3		19.680000
3819		3		19.908000
3820		3		19.951000
3821		3		19.757000
3822		3		20.324000
3823		3		20.049000
3824		3		20.077000
3825		3		20.764000
3826		3		19.564000
3827		3		20.797000
3828		3		20.034000
3829		3		19.533000
3830		3		17.127000
3831		3		15.429000
3832		3		16.743000
3833		3		15.381000
3834		3		15.479000
3835		3		15.696000
3836		3		23.465000
3837		3		26.435000
3838		3		15.926000
3839		3		15.493000
3840		3		15.248000
3841		3		15.387000
3842		3		15.425000
3843		3		15.527000
3844		3		15.639000
3845		3		16.065000
3846		3		16.960000
3847		3		15.412000
3848		3		15.355000
3849		3		15.374000
3850		3		17.297000
3851		3		15.805000
3852		3		24.108000
3853		3		15.379000
3854		3		20.187000
3855		3		15.387000
3856		3		15.792000
3857		3		16.966000
3858		3		18.039000
3859		3		17.529000
3860		3		17.965000
3861		3		18.007000
3862		3		17.632000
3863		3		17.890000
3864		3		17.536000
3865		3		17.953000
3866		3		17.975000
3867		3		18.120000
3868		3		18.179000
3869		3		17.797000
3870		3		18.018000
3871		3		17.562000
3872		3		17.897000
3873		3		17.484000
3874		3		18.226000
3875		3		17.521000
3876		3		19.944000
3877		3		19.481000
3878		3		17.594000
3879		3		19.426000
3880		3		20.146000
3881		3		17.894000
3882		3		17.568000
3883		3		17.628000
3884		3		18.732000
3885		3		17.596000
3886		3		18.052000
3887		3		19.058000
3888		3		20.552000
3889		3		19.396000
3890		3		21.065000
3891		3		20.675000
3892		3		19.793000
3893		3		17.588000
3894		3		18.292000
3895		3		19.421000
3896		3		19.579000
3897		3		17.961000
3898		3		17.617000
3899		3		18.670000
3900		3		21.465000
3901		3		28.157000
3902		3		22.452000
3903		3		18.600000
3904		3		18.214000
3905		3		23.278000
3906		3		68.087000
3907		3		18.720000
3908		3		21.326000
3909		3		25.786000
3910		3		20.380000
3911		3		47.711000
3912		3		22.045000
3913		3		20.633000
3914		3		22.051000
3915		3		20.474000
3916		3		18.820000
3917		3		20.730000
3918		3		20.131000
3919		3		29.898000
3920		3		28.986000
3921		3		62.260000
3922		3		29.243000
3923		3		36.006000
3924		3		21.494000
3925		3		21.220000
3926		3		65.638000
3927		3		24.281000
3928		3		43.345000
3929		3		21.408000
3930		3		19.291000
3931		3		19.528000
3932		3		84.878000
3933		3		28.582000
3934		3		22.495000
3935		3		33.329000
3936		3		19.666000
3937		3		31.364000
3938		3		24.311000
3939		3		22.842000
3940		3		19.521000
3941		3		26.287000
3942		3		27.135000
3943		3		19.739000
3944		3		19.573000
3945		3		31.312000
3946		3		20.504000
3947		3		25.898000
3948		3		31.310000
3949		3		31.274000
3950		3		24.513000
3951		3		20.025000
3952		3		20.907000
3953		3		19.114000
3954		3		19.945000
3955		3		19.581000
3956		3		19.130000
3957		3		20.031000
3958		3		18.459000
3959		3		18.383000
3960		3		22.103000
3961		3		19.630000
3962		3		18.693000
3963		3		19.691000
3964		3		19.659000
3965		3		20.750000
3966		3		19.485000
3967		3		19.699000
3968		3		19.154000
3969		3		19.168000
3970		3		23.022000
3971		3		19.178000
3972		3		22.697000
3973		3		31.641000
3974		3		31.644000
3975		3		19.209000
3976		3		19.314000
3977		3		19.409000
3978		3		18.889000
3979		3		19.127000
3980		3		18.969000
3981		3		20.290000
3982		3		19.456000
3983		3		17.640000
3984		3		18.952000
3985		3		17.685000
3986		3		18.035000
3987		3		17.643000
3988		3		18.085000
3989		3		19.001000
3990		3		19.439000
3991		3		19.700000
3992		3		19.476000
3993		3		19.479000
3994		3		19.116000
3995		3		19.087000
3996		3		18.677000
3997		3		17.603000
3998		3		19.351000
3999		3		18.898000
4000		3		18.993000
4001		3		19.223000
4002		3		18.052000
4003		3		18.652000
4004		3		17.860000
4005		3		19.415000
4006		3		19.805000
4007		3		18.165000
4008		3		18.038000
4009		3		18.306000
4010		3		19.365000
4011		3		20.470000
4012		3		19.508000
4013		3		19.450000
4014		3		19.633000
4015		3		19.294000
4016		3		19.053000
4017		3		19.136000
4018		3		19.376000
4019		3		19.900000
4020		3		19.140000
4021		3		19.559000
4022		3		19.622000
4023		3		19.975000
4024		3		19.448000
4025		3		18.740000
4026		3		20.447000
4027		3		18.394000
4028		3		18.588000
4029		3		19.383000
4030		3		19.196000
4031		3		18.771000
4032		3		20.073000
4033		3		18.345000
4034		3		19.095000
4035		3		18.916000
4036		3		19.962000
4037		3		20.324000
4038		3		18.581000
4039		3		19.365000
4040		3		19.076000
4041		3		23.706000
4042		3		25.882000
4043		3		25.500000
4044		3		25.611000
4045		3		26.717000
4046		3		25.948000
4047		3		26.590000
4048		3		26.000000
4049		3		25.540000
4050		3		25.572000
4051		3		24.077000
4052		3		25.621000
4053		3		24.621000
4054		3		26.312000
4055		3		23.280000
4056		3		24.250000
4057		3		25.363000
4058		3		26.275000
4059		3		26.085000
4060		3		24.916000
4061		3		25.702000
4062		3		27.279000
4063		3		25.560000
4064		3		25.437000
4065		3		27.325000
4066		3		25.971000
4067		3		25.741000
4068		3		25.636000
4069		3		25.729000
4070		3		24.463000
4071		3		25.744000
4072		3		25.493000
4073		3		26.089000
4074		3		25.458000
4075		3		26.219000
4076		3		26.135000
4077		3		26.016000
4078		3		26.730000
4079		3		26.412000
4080		3		26.452000
4081		3		26.544000
4082		3		26.789000
4083		3		25.614000
4084		3		26.515000
4085		3		30.213000
4086		3		24.986000
4087		3		23.429000
4088		3		25.100000
4089		3		25.940000
4090		3		25.170000
4091		3		25.165000
4092		3		26.052000
4093		3		25.140000
4094		3		26.308000
4095		3		26.177000
4096		3		24.553000
4097		3		26.382000
4098		3		24.687000
4099		3		26.319000
4100		3		25.603000
4101		3		25.143000
4102		3		25.663000
4103		3		26.578000
4104		3		25.472000
4105		3		25.416000
4106		3		25.640000
4107		3		26.454000
4108		3		26.441000
4109		3		28.053000
4110		3		26.127000
4111		3		26.785000
4112		3		25.447000
4113		3		27.476000
4114		3		24.975000
4115		3		24.770000
4116		3		25.411000
4117		3		26.166000
4118		3		23.343000
4119		3		25.165000
4120		3		25.068000
4121		3		25.934000
4122		3		26.846000
4123		3		25.327000
4124		3		25.660000
4125		3		25.615000
4126		3		42.052000
4127		3		31.207000
4128		3		26.676000
4129		3		25.908000
4130		3		26.644000
4131		3		24.789000
4132		3		26.765000
4133		3		25.659000
4134		3		26.087000
4135		3		27.950000
4136		3		25.996000
4137		3		25.723000
4138		3		25.870000
4139		3		29.446000
4140		3		25.575000
4141		3		26.304000
4142		3		27.510000
4143		3		26.917000
4144		3		25.489000
4145		3		23.580000
4146		3		24.174000
4147		3		25.828000
4148		3		25.723000
4149		3		25.731000
4150		3		25.754000
4151		3		26.092000
4152		3		26.505000
4153		3		26.346000
4154		3		24.135000
4155		3		26.231000
4156		3		24.636000
4157		3		23.966000
4158		3		23.357000
4159		3		24.615000
4160		3		24.727000
4161		3		28.269000
4162		3		42.207000
4163		3		30.688000
4164		3		26.068000
4165		3		24.698000
4166		3		26.094000
4167		3		25.890000
4168		3		26.312000
4169		3		28.653000
4170		3		26.693000
4171		3		26.585000
4172		3		25.654000
4173		3		26.805000
4174		3		27.493000
4175		3		27.385000
4176		3		25.439000
4177		3		23.902000
4178		3		23.323000
4179		3		24.402000
4180		3		23.849000
4181		3		24.133000
4182		3		23.603000
4183		3		24.254000
4184		3		24.199000
4185		3		24.236000
4186		3		23.519000
4187		3		24.197000
4188		3		23.995000
4189		3		24.160000
4190		3		23.645000
4191		3		24.234000
4192		3		23.997000
4193		3		24.262000
4194		3		23.316000
4195		3		23.957000
4196		3		20.671000
4197		3		21.191000
4198		3		21.501000
4199		3		24.577000
4200		3		19.850000
4201		3		19.727000
4202		3		19.933000
4203		3		19.779000
4204		3		24.493000
4205		3		19.719000
4206		3		19.687000
4207		3		19.878000
4208		3		19.718000
4209		3		22.371000
4210		3		20.002000
4211		3		19.949000
4212		3		19.722000
4213		3		19.945000
4214		3		21.096000
4215		3		20.152000
4216		3		20.475000
4217		3		19.750000
4218		3		20.572000
4219		3		20.014000
4220		3		19.718000
4221		3		20.073000
4222		3		20.012000
4223		3		20.102000
4224		3		20.225000
4225		3		19.816000
4226		3		19.850000
4227		3		19.920000
4228		3		19.793000
4229		3		20.403000
4230		3		19.977000
4231		3		19.863000
4232		3		19.981000
4233		3		19.859000
4234		3		19.933000
4235		3		19.863000
4236		3		19.744000
4237		3		19.923000
4238		3		19.925000
4239		3		19.814000
4240		3		19.959000
4241		3		19.839000
4242		3		19.915000
4243		3		20.176000
4244		3		19.963000
4245		3		19.998000
4246		3		20.011000
4247		3		21.157000
4248		3		19.992000
4249		3		20.129000
4250		3		19.860000
4251		3		20.116000
4252		3		19.779000
4253		3		21.122000
4254		3		20.648000
4255		3		19.809000
4256		3		20.057000
4257		3		19.867000
4258		3		19.813000
4259		3		20.081000
4260		3		20.018000
4261		3		19.936000
4262		3		19.949000
4263		3		19.810000
4264		3		19.999000
4265		3		19.939000
4266		3		19.829000
4267		3		20.019000
4268		3		19.952000
4269		3		19.999000
4270		3		19.989000
4271		3		19.798000
4272		3		19.945000
4273		3		19.892000
4274		3		19.851000
4275		3		20.043000
4276		3		19.918000
4277		3		19.864000
4278		3		19.946000
4279		3		19.858000
4280		3		20.051000
4281		3		19.936000
4282		3		19.801000
4283		3		20.727000
4284		3		19.932000
4285		3		26.642000
4286		3		20.034000
4287		3		19.961000
4288		3		20.046000
4289		3		20.026000
4290		3		19.947000
4291		3		19.907000
4292		3		20.023000
4293		3		20.185000
4294		3		20.044000
4295		3		19.957000
4296		3		19.861000
4297		3		20.016000
4298		3		20.265000
4299		3		19.993000
4300		3		20.026000
4301		3		19.864000
4302		3		20.106000
4303		3		20.761000
4304		3		19.848000
4305		3		20.338000
4306		3		20.428000
4307		3		19.959000
4308		3		20.391000
4309		3		19.975000
4310		3		19.973000
4311		3		19.984000
4312		3		19.890000
4313		3		19.962000
4314		3		20.002000
4315		3		19.890000
4316		3		19.922000
4317		3		19.889000
4318		3		19.953000
4319		3		20.000000
4320		3		19.788000
4321		3		19.970000
4322		3		19.928000
4323		3		19.913000
4324		3		20.640000
4325		3		20.303000
4326		3		19.934000
4327		3		20.417000
4328		3		19.844000
4329		3		20.483000
4330		3		20.282000
4331		3		19.984000
4332		3		20.273000
4333		3		20.265000
4334		3		19.940000
4335		3		20.237000
4336		3		20.210000
4337		3		19.976000
4338		3		20.305000
4339		3		19.905000
4340		3		20.257000
4341		3		20.255000
4342		3		19.836000
4343		3		20.385000
4344		3		20.079000
4345		3		19.849000
4346		3		20.330000
4347		3		19.837000
4348		3		19.970000
4349		3		20.197000
4350		3		19.836000
4351		3		19.925000
4352		3		19.880000
4353		3		19.958000
4354		3		20.198000
4355		3		19.910000
4356		3		19.901000
4357		3		19.998000
4358		3		19.812000
4359		3		20.121000
4360		3		20.333000
4361		3		19.904000
4362		3		20.382000
4363		3		20.433000
4364		3		19.929000
4365		3		20.126000
4366		3		19.965000
4367		3		20.398000
4368		3		20.413000
4369		3		19.900000
4370		3		20.445000
4371		3		20.428000
4372		3		19.914000
4373		3		20.315000
4374		3		20.197000
4375		3		20.040000
4376		3		20.422000
4377		3		19.930000
4378		3		20.388000
4379		3		20.407000
4380		3		19.937000
4381		3		20.428000
4382		3		20.328000
4383		3		19.956000
4384		3		20.404000
4385		3		20.139000
4386		3		20.027000
4387		3		20.263000
4388		3		20.250000
4389		3		20.247000
4390		3		20.053000
4391		3		19.980000
4392		3		20.205000
4393		3		20.216000
4394		3		20.280000
4395		3		20.177000
4396		3		20.062000
4397		3		20.038000
4398		3		20.517000
4399		3		20.062000
4400		3		20.648000
4401		3		20.820000
4402		3		20.049000
4403		3		20.777000
4404		3		21.055000
4405		3		20.108000
4406		3		20.609000
4407		3		20.757000
4408		3		19.965000
4409		3		20.797000
4410		3		20.130000
4411		3		20.577000
4412		3		20.769000
4413		3		20.266000
4414		3		20.746000
4415		3		20.605000
4416		3		19.925000
4417		3		20.850000
4418		3		20.763000
4419		3		20.000000
4420		3		20.730000
4421		3		20.781000
4422		3		19.984000
4423		3		20.821000
4424		3		20.963000
4425		3		20.025000
4426		3		20.817000
4427		3		20.191000
4428		3		20.514000
4429		3		20.871000
4430		3		20.010000
4431		3		20.811000
4432		3		20.681000
4433		3		19.973000
4434		3		20.768000
4435		3		20.737000
4436		3		19.955000
4437		3		20.673000
4438		3		20.749000
4439		3		20.048000
4440		3		20.710000
4441		3		20.349000
4442		3		20.609000
4443		3		20.835000
4444		3		20.058000
4445		3		20.756000
4446		3		20.665000
4447		3		19.987000
4448		3		20.853000
4449		3		20.860000
4450		3		20.029000
4451		3		20.766000
4452		3		20.822000
4453		3		20.071000
4454		3		20.924000
4455		3		20.970000
4456		3		20.103000
4457		3		20.927000
4458		3		20.404000
4459		3		20.636000
4460		3		20.813000
4461		3		20.003000
4462		3		20.846000
4463		3		20.777000
4464		3		20.383000
4465		3		20.817000
4466		3		20.865000
4467		3		20.000000
4468		3		20.748000
4469		3		20.825000
4470		3		20.047000
4471		3		20.810000
4472		3		20.857000
4473		3		20.147000
4474		3		20.946000
4475		3		20.302000
4476		3		20.703000
4477		3		20.725000
4478		3		20.294000
4479		3		20.936000
4480		3		19.832000
4481		3		18.156000
4482		3		18.505000
4483		3		18.058000
4484		3		18.536000
4485		3		18.529000
4486		3		18.154000
4487		3		18.505000
4488		3		18.131000
4489		3		18.762000
4490		3		18.549000
4491		3		18.149000
4492		3		18.584000
4493		3		18.141000
4494		3		18.580000
4495		3		18.134000
4496		3		18.319000
4497		3		18.097000
4498		3		18.136000
4499		3		18.123000
4500		3		18.304000
4501		3		18.176000
4502		3		18.104000
4503		3		18.256000
4504		3		17.983000
4505		3		18.076000
4506		3		18.248000
4507		3		18.111000
4508		3		18.230000
4509		3		18.042000
4510		3		18.189000
4511		3		18.019000
4512		3		18.183000
4513		3		18.044000
4514		3		18.121000
4515		3		18.232000
4516		3		18.061000
4517		3		18.240000
4518		3		18.050000
4519		3		18.176000
4520		3		18.313000
4521		3		18.201000
4522		3		18.476000
4523		3		18.906000
4524		3		18.146000
4525		3		18.110000
4526		3		18.063000
4527		3		18.262000
4528		3		18.081000
4529		3		18.235000
4530		3		18.024000
4531		3		18.039000
4532		3		18.020000
4533		3		18.282000
4534		3		18.266000
4535		3		18.586000
4536		3		18.116000
4537		3		18.044000
4538		3		18.049000
4539		3		18.337000
4540		3		18.007000
4541		3		18.174000
4542		3		17.897000
4543		3		18.104000
4544		3		17.855000
4545		3		17.961000
4546		3		18.052000
4547		3		18.108000
4548		3		18.145000
4549		3		17.962000
4550		3		18.172000
4551		3		17.909000
4552		3		17.988000
4553		3		18.048000
4554		3		17.906000
4555		3		18.053000
4556		3		18.023000
4557		3		18.132000
4558		3		18.113000
4559		3		18.100000
4560		3		18.148000
4561		3		18.386000
4562		3		18.499000
4563		3		18.110000
4564		3		18.691000
4565		3		18.668000
4566		3		18.098000
4567		3		19.033000
4568		3		18.051000
4569		3		18.703000
4570		3		18.699000
4571		3		18.098000
4572		3		18.604000
4573		3		18.153000
4574		3		18.700000
4575		3		18.048000
4576		3		18.578000
4577		3		18.631000
4578		3		18.047000
4579		3		18.744000
4580		3		17.999000
4581		3		18.703000
4582		3		18.240000
4583		3		18.387000
4584		3		18.641000
4585		3		18.036000
4586		3		18.765000
4587		3		18.065000
4588		3		18.779000
4589		3		18.625000
4590		3		18.060000
4591		3		18.423000
4592		3		18.043000
4593		3		18.455000
4594		3		18.048000
4595		3		18.127000
4596		3		18.147000
4597		3		18.087000
4598		3		18.190000
4599		3		18.056000
4600		3		18.476000
4601		3		18.199000
4602		3		18.266000
4603		3		20.263000
4604		3		20.097000
4605		3		20.223000
4606		3		21.080000
4607		3		20.106000
4608		3		20.763000
4609		3		20.790000
4610		3		20.063000
4611		3		20.769000
4612		3		20.732000
4613		3		20.099000
4614		3		20.832000
4615		3		20.526000
4616		3		20.193000
4617		3		20.267000
4618		3		20.118000
4619		3		20.258000
4620		3		20.155000
4621		3		20.395000
4622		3		20.880000
4623		3		20.744000
4624		3		20.094000
4625		3		20.707000
4626		3		21.031000
4627		3		20.191000
4628		3		20.797000
4629		3		20.774000
4630		3		21.979000
4631		3		20.847000
4632		3		20.787000
4633		3		20.119000
4634		3		20.734000
4635		3		20.191000
4636		3		20.659000
4637		3		20.815000
4638		3		20.158000
4639		3		20.811000
4640		3		21.047000
4641		3		20.187000
4642		3		20.345000
4643		3		20.321000
4644		3		20.188000
4645		3		20.630000
4646		3		20.937000
4647		3		20.262000
4648		3		20.974000
4649		3		20.895000
4650		3		20.558000
4651		3		21.044000
4652		3		20.913000
4653		3		20.228000
4654		3		20.846000
4655		3		20.751000
4656		3		20.667000
4657		3		20.836000
4658		3		20.165000
4659		3		20.778000
4660		3		20.795000
4661		3		20.178000
4662		3		20.830000
4663		3		20.854000
4664		3		20.170000
4665		3		20.875000
4666		3		20.957000
4667		3		20.237000
4668		3		20.820000
4669		3		20.884000
4670		3		20.158000
4671		3		20.953000
4672		3		20.288000
4673		3		20.767000
4674		3		20.949000
4675		3		20.149000
4676		3		20.916000
4677		3		21.053000
4678		3		20.228000
4679		3		20.915000
4680		3		20.865000
4681		3		20.190000
4682		3		21.062000
4683		3		21.001000
4684		3		20.228000
4685		3		20.977000
4686		3		21.056000
4687		3		20.234000
4688		3		20.922000
4689		3		21.029000
4690		3		20.237000
4691		3		21.058000
4692		3		20.679000
4693		3		20.619000
4694		3		21.111000
4695		3		20.467000
4696		3		20.787000
4697		3		21.029000
4698		3		20.217000
4699		3		20.934000
4700		3		21.016000
4701		3		20.248000
4702		3		20.953000
4703		3		20.866000
4704		3		20.171000
4705		3		21.085000
4706		3		21.093000
4707		3		20.248000
4708		3		21.042000
4709		3		21.157000
4710		3		20.616000
4711		3		21.187000
4712		3		21.134000
4713		3		20.311000
4714		3		21.143000
4715		3		21.429000
4716		3		20.329000
4717		3		20.585000
4718		3		20.527000
4719		3		20.191000
4720		3		20.441000
4721		3		20.572000
4722		3		20.403000
4723		3		20.488000
4724		3		20.463000
4725		3		20.332000
4726		3		20.877000
4727		3		20.254000
4728		3		20.399000
4729		3		20.331000
4730		3		20.283000
4731		3		20.422000
4732		3		20.371000
4733		3		20.313000
4734		3		20.468000
4735		3		20.798000
4736		3		20.287000
4737		3		20.554000
4738		3		20.484000
4739		3		20.426000
4740		3		20.872000
4741		3		20.295000
4742		3		20.621000
4743		3		20.405000
4744		3		20.221000
4745		3		20.605000
4746		3		20.609000
4747		3		20.305000
4748		3		20.543000
4749		3		20.496000
4750		3		20.304000
4751		3		20.542000
4752		3		20.625000
4753		3		20.354000
4754		3		20.429000
4755		3		20.668000
4756		3		20.401000
4757		3		20.424000
4758		3		20.340000
4759		3		20.416000
4760		3		20.720000
4761		3		20.330000
4762		3		20.481000
4763		3		20.462000
4764		3		20.385000
4765		3		21.201000
4766		3		20.842000
4767		3		20.335000
4768		3		20.821000
4769		3		20.343000
4770		3		20.733000
4771		3		20.446000
4772		3		20.348000
4773		3		20.396000
4774		3		20.442000
4775		3		20.617000
4776		3		20.457000
4777		3		20.436000
4778		3		20.329000
4779		3		20.440000
4780		3		20.732000
4781		3		20.343000
4782		3		20.426000
4783		3		20.361000
4784		3		20.385000
4785		3		27.912000
4786		3		25.214000
4787		3		20.333000
4788		3		20.504000
4789		3		20.500000
4790		3		20.401000
4791		3		20.539000
4792		3		20.397000
4793		3		20.389000
4794		3		20.586000
4795		3		20.918000
4796		3		20.389000
4797		3		20.919000
4798		3		20.899000
4799		3		20.411000
4800		3		20.928000
4801		3		20.824000
4802		3		20.441000
4803		3		20.849000
4804		3		20.404000
4805		3		20.885000
4806		3		20.866000
4807		3		20.381000
4808		3		20.845000
4809		3		20.934000
4810		3		20.345000
4811		3		20.879000
4812		3		20.884000
4813		3		20.366000
4814		3		20.850000
4815		3		20.862000
4816		3		20.374000
4817		3		20.910000
4818		3		20.617000
4819		3		20.607000
4820		3		20.904000
4821		3		20.330000
4822		3		20.801000
4823		3		20.849000
4824		3		20.398000
4825		3		20.974000
4826		3		20.862000
4827		3		20.366000
4828		3		20.904000
4829		3		21.046000
4830		3		20.435000
4831		3		20.804000
4832		3		20.796000
4833		3		20.388000
4834		3		20.981000
4835		3		20.345000
4836		3		20.895000
4837		3		20.854000
4838		3		20.363000
4839		3		20.867000
4840		3		20.967000
4841		3		20.496000
4842		3		20.963000
4843		3		20.914000
4844		3		20.416000
4845		3		20.878000
4846		3		20.865000
4847		3		20.395000
4848		3		20.970000
4849		3		20.808000
4850		3		20.511000
4851		3		20.894000
4852		3		20.379000
4853		3		20.830000
4854		3		20.940000
4855		3		20.365000
4856		3		20.933000
4857		3		20.885000
4858		3		20.388000
4859		3		22.589000
4860		3		20.780000
4861		3		18.406000
4862		3		18.416000
4863		3		18.256000
4864		3		18.667000
4865		3		19.438000
4866		3		18.219000
4867		3		18.402000
4868		3		18.234000
4869		3		18.423000
4870		3		18.542000
4871		3		18.382000
4872		3		18.343000
4873		3		18.352000
4874		3		18.536000
4875		3		18.640000
4876		3		19.107000
4877		3		18.880000
4878		3		18.369000
4879		3		19.087000
4880		3		18.334000
4881		3		18.984000
4882		3		18.759000
4883		3		18.296000
4884		3		18.791000
4885		3		18.359000
4886		3		18.946000
4887		3		18.653000
4888		3		18.476000
4889		3		18.783000
4890		3		18.318000
4891		3		18.820000
4892		3		18.418000
4893		3		18.814000
4894		3		18.729000
4895		3		18.414000
4896		3		18.769000
4897		3		18.332000
4898		3		18.842000
4899		3		18.500000
4900		3		19.041000
4901		3		18.811000
4902		3		18.418000
4903		3		18.896000
4904		3		18.421000
4905		3		18.873000
4906		3		18.967000
4907		3		18.351000
4908		3		18.920000
4909		3		18.481000
4910		3		18.655000
4911		3		18.473000
4912		3		18.446000
4913		3		18.804000
4914		3		18.364000
4915		3		18.479000
4916		3		18.297000
4917		3		18.431000
4918		3		18.447000
4919		3		18.394000
4920		3		19.050000
4921		3		18.408000
4922		3		18.973000
4923		3		18.482000
4924		3		18.531000
4925		3		19.191000
4926		3		19.999000
4927		3		19.221000
4928		3		18.981000
4929		3		18.334000
4930		3		19.132000
4931		3		18.451000
4932		3		19.162000
4933		3		18.988000
4934		3		18.390000
4935		3		19.437000
4936		3		18.378000
4937		3		19.066000
4938		3		19.062000
4939		3		18.346000
4940		3		23.770000
4941		3		18.544000
4942		3		18.428000
4943		3		18.433000
4944		3		18.373000
4945		3		23.156000
4946		3		18.626000
4947		3		18.327000
4948		3		18.654000
4949		3		18.384000
4950		3		20.561000
4951		3		18.835000
4952		3		18.452000
4953		3		18.732000
4954		3		18.405000
4955		3		18.716000
4956		3		18.757000
4957		3		18.535000
4958		3		18.535000
4959		3		18.572000
4960		3		18.697000
4961		3		18.858000
4962		3		18.494000
4963		3		18.536000
4964		3		18.370000
4965		3		18.618000
4966		3		18.406000
4967		3		19.354000
4968		3		19.106000
4969		3		18.440000
4970		3		19.161000
4971		3		18.711000
4972		3		19.083000
4973		3		19.034000
4974		3		18.526000
4975		3		19.146000
4976		3		18.433000
4977		3		19.030000
4978		3		19.074000
4979		3		18.380000
4980		3		19.241000
4981		3		18.384000
4982		3		19.031000
4983		3		19.021000
4984		3		18.441000
4985		3		19.166000
4986		3		18.474000
4987		3		18.481000
4988		3		18.494000
4989		3		18.403000
4990		3		18.663000
4991		3		18.376000
4992		3		18.449000
4993		3		18.541000
4994		3		18.536000
4995		3		18.698000
4996		3		18.640000
4997		3		18.736000
4998		3		18.455000
4999		3		18.872000
5000		3		18.603000
5001		3		18.477000
5002		3		18.695000
5003		3		16.884000
5004		3		16.354000
5005		3		16.528000
5006		3		16.357000
5007		3		16.300000
5008		3		16.299000
5009		3		16.305000
5010		3		16.361000
5011		3		16.629000
5012		3		16.365000
5013		3		16.953000
5014		3		16.321000
5015		3		16.268000
5016		3		16.274000
5017		3		16.611000
5018		3		16.326000
5019		3		16.596000
5020		3		16.825000
5021		3		16.297000
5022		3		16.230000
5023		3		16.611000
5024		3		16.260000
5025		3		16.357000
5026		3		16.212000
5027		3		16.424000
5028		3		16.333000
5029		3		16.627000
5030		3		16.278000
5031		3		17.038000
5032		3		16.244000
5033		3		16.357000
5034		3		16.309000
5035		3		16.628000
5036		3		16.360000
5037		3		16.350000
5038		3		16.317000
5039		3		16.371000
5040		3		16.411000
5041		3		16.343000
5042		3		16.742000
5043		3		16.284000
5044		3		16.722000
5045		3		16.321000
5046		3		16.438000
5047		3		16.246000
5048		3		16.822000
5049		3		16.444000
5050		3		17.148000
5051		3		21.666000
5052		3		16.261000
5053		3		21.102000
5054		3		20.059000
5055		3		16.417000
5056		3		16.286000
5057		3		16.380000
5058		3		16.213000
5059		3		16.352000
5060		3		16.484000
5061		3		16.284000
5062		3		16.368000
5063		3		16.307000
5064		3		16.324000
5065		3		16.284000
5066		3		16.922000
5067		3		16.386000
5068		3		16.345000
5069		3		16.173000
5070		3		16.414000
5071		3		16.229000
5072		3		16.547000
5073		3		16.920000
5074		3		16.353000
5075		3		16.176000
5076		3		16.351000
5077		3		16.171000
5078		3		16.596000
5079		3		16.214000
5080		3		16.329000
5081		3		16.211000
5082		3		16.336000
5083		3		16.170000
5084		3		16.312000
5085		3		16.192000
5086		3		16.491000
5087		3		16.167000
5088		3		16.319000
5089		3		16.264000
5090		3		16.264000
5091		3		16.772000
5092		3		16.218000
5093		3		16.367000
5094		3		16.417000
5095		3		16.303000
5096		3		16.234000
5097		3		16.347000
5098		3		16.234000
5099		3		16.426000
5100		3		16.241000
5101		3		16.555000
5102		3		16.175000
5103		3		16.735000
5104		3		16.176000
5105		3		16.316000
5106		3		16.373000
5107		3		16.404000
5108		3		16.249000
5109		3		16.346000
5110		3		16.007000
5111		3		16.075000
5112		3		15.895000
5113		3		15.335000
5114		3		15.159000
5115		3		15.339000
5116		3		15.168000
5117		3		14.574000
5118		3		15.169000
5119		3		42.288000
5120		2		12.373000
